876 9 258 84 390 132 828 89 3 196 60 2 111 8 687 51 70 1452 19 27 27 1309 575 107 816 1106 2251 149
662 6 244 175 1015 2376 865 270 217 396 11 44 20 37 8 118 1372 356 2063 136 20 614 327 1085 119 53 2062 327
253 99 0 440 733 210 264 10 23 472 91 67 1377 185 797 331 52 987 471 65 348 1800 10 5 331 77 246 96
20 192 462 182 1996 783 204 156 471 408 1219 41 580 1083 1944 12 530 19 20 110 186 16 210 1353 62 1631 293 95
818 160 586 85 351 11 449 175 26 292 38 66 378 35 73 196 89 246 51 117 749 1242 380 118 1006 1864 1747 1199
1278 119 3 182 34 817 789 104 217 122 45 129 265 247 81 117 31 7 96 318 138 951 1949 75 786 48 3013 9
170 341 292 2871 144 11 175 780 50 223 914 107 562 124 316 110 0 659 1398 1086 781 200 3 310 169 266 865 264
1609 1782 1078 283 103 125 443 629 372 900 18 109 1101 495 94 282 834 1182 769 3 560 90 1 441 141 225 266 47
548 643 0 579 1058 85 1 35 400 352 66 81 15 10 25 350 230 126 1015 177 86 83 187 249 1 268 44 152
434 103 1524 657 40 532 176 897 1664 151 656 63 1790 76 470 49 90 173 99 6 4 585 1681 519 348 957 479 96
8 143 473 521 1435 975 78 163 1000 258 47 180 883 210 241 1695 2208 1416 1793 38 736 1560 598 649 1131 2 236 221
720 73 214 645 164 31 55 546 305 1733 14 899 0 196 40 44 1145 77 246 687 10 29 579 159 0 16 929 2333
35 217 564 1050 128 9 1189 119 44 20 704 43 516 781 223 389 92 827 362 1 1033 624 237 657 100 889 1278 310
33 949 47 125 522 547 1 1319 452 115 977 3 1089 66 126 114 89 3 2442 409 8 83 187 1919 1131 992 2453 291
55 1780 672 8 10 78 289 84 782 57 13 738 194 1217 365 365 202 849 62 57 966 592 1326 208 75 44 447 624
1648 59 6 43 848 324 57 42 12 84 16 1863 161 159 20 441 844 224 598 782 1059 347 282 81 815 0 2302 2302
326 415 960 750 153 526 393 203 173 95 324 705 299 2146 607 123 322 112 451 9 156 447 771 96 87 15 1 457
320 62 56 227 253 1574 123 286 737 297 153 306 112 99 684 2110 0 1060 378 168 490 326 1131 19 184 105 213 165
3 313 111 130 187 902 143 743 288 1005 952 1489 21 572 532 384 371 9 424 949 109 384 148 964 6 770 62 8
149 1115 50 318 375 24 30 1058 956 109 1185 2392 201 715 117 97 514 130 1454 1845 1388 537 6 4 2220 108 309 127
160 705 1466 272 155 326 96 11 108 40 9 5 70 201 1161 205 43 5 190 757 438 176 99 624 34 198 258 356
562 576 787 36 169 1089 17 82 966 8 22 110 1718 1979 197 821 589 519 533 397 89 435 16 702 39 211 59 38
144 439 286 629 2 411 844 1923 1134 501 81 526 287 832 1514 376 91 264 1284 1241 26 573 1463 667 303 0 44 102
132 14 49 63 52 1630 757 115 1 34 1365 764 78 1847 82 966 775 241 176 49 10 228 59 0 110 26 573 655
145 21 1004 260 18 67 1125 35 21 116 287 515 62 6 631 318 414 13 1 410 405 41 221 206 23 454 25 1067
681 36 2231 370 897 355 796 219 440 84 736 147 16 1624 1677 42 989 50 172 268 489 224 114 68 19 149 21 677
1749 8 49 402 187 14 714 630 40 912 14 41 304 43 241 98 889 330 1597 1123 1355 10 3 184 182 125 22 5
2902 2 585 358 857 295 486 79 190 415 216 83 2595 1360 27 0 29 83 109 7 70 1 2293 38 2485 143 83 1347
63 164 91 99 683 59 1157 1746 109 23 548 110 3 184 41 218 1714 1 24 1124 79 301 301 1800 23 11 3 1759
647 513 249 107 8 0 2 978 11 110 520 109 280 633 1034 1365 3 192 378 196 117 717 1850 50 654 115 424 43
508 13 259 2453 661 258 204 207 212 8 175 330 3 184 23 657 2 2521 108 377 85 147 1219 197 29 753 59 161
842 27 13 1418 103 311 236 13 864 1584 219 1 74 253 615 688 0 19 65 353 1621 2341 2393 147 64 357 599 103
300 216 952 10 276 243 10 502 322 592 321 8 66 464 338 196 1385 65 780 34 498 289 7 343 1655 232 3049 47
0 260 1435 298 449 117 41 174 113 734 126 5 217 1505 141 3 43 23 1256 25 1181 817 1221 452 201 890 72 125
2 502 6 11 731 559 507 15 37 73 30 291 1462 1000 194 731 47 44 186 100 68 83 626 239 23 4 473 375
13 114 469 480 37 1127 7 2839 322 32 120 118 149 112 12 441 73 38 778 44 0 322 533 151 119 412 2082 30
78 445 307 85 97 860 109 177 634 631 2239 584 538 199 145 131 52 1239 411 88 131 11 31 171 596 2 273 13
2975 119 383 342 965 141 43 680 680 68 659 15 1427 899 639 374 9 610 15 1013 2676 15 27 158 447 626 226 31
88 23 414 130 97 782 1566 396 11 1578 597 881 1126 11 96 356 1575 438 50 1 141 3121 87 3 150 456 2 65
1546 1536 656 83 498 371 37 45 195 136 281 1930 911 908 187 14 1375 1105 514 24 1625 670 80 3 588 196 492 42
35 330 879 1 1250 21 519 451 668 278 1958 527 190 487 1929 791 883 664 233 0 139 11 21 1880 210 362 1246 708
698 88 214 126 147 749 257 0 19 432 3267 154 605 349 80 158 44 9 844 224 3 95 30 698 67 30 144 113
11 48 854 299 459 1603 203 683 816 1237 2288 2375 941 1023 91 1185 2 99 207 157 77 134 62 512 16 1 387 98
1278 834 0 324 775 114 31 102 412 1524 374 1282 360 379 125 279 515 117 49 90 70 25 103 29 227 1011 174 183
68 67 11 45 633 1382 632 1255 463 89 485 563 356 129 519 189 1789 1527 1388 148 2448 20 581 273 6 120 1895 288
105 5 1390 50 95 16 911 210 123 96 816 77 3 302 138 222 375 139 0 389 67 79 285 96 280 329 415 3
1214 61 212 384 1482 3 165 2458 2486 75 194 22 23 1367 11 1288 687 37 77 3 63 22 2 1095 1252 1606 1028 489
715 330 159 616 388 2479 2786 108 397 170 106 62 15 19 0 19 871 37 194 78 28 12 74 14 1177 697 123 219
429 2009 506 6 27 64 2497 608 1492 58 659 567 243 241 80 119 55 374 67 26 250 339 1079 974 1186 196 672 81
2758 159 1018 158 650 302 138 347 1258 557 28 1092 707 41 141 216 57 473 152 59 3346 119 609 157 397 94 135 1
1161 423 73 517 1503 592 852 186 64 800 118 1471 3 131 422 30 627 232 693 35 593 14 681 230 786 242 88 1702
85 144 755 432 5 458 262 51 24 24 1131 11 1067 38 17 339 1761 1761 362 20 1492 1550 459 0 19 196 517 72
818 35 802 126 7 2273 592 160 290 136 802 252 384 2592 1 176 2 237 1684 141 578 127 178 276 435 94 119 132
446 156 55 1012 0 537 101 118 12 176 585 906 471 59 682 6 82 10 100 1086 305 517 761 706 620 598 177 38
698 73 24 735 134 182 38 238 787 75 256 83 109 2233 40 59 14 6 1303 16 518 110 99 303 453 258 4 1268
2328 2233 126 7 1794 1373 8 72 670 2 241 715 2324 757 27 440 7 958 153 172 160 1219 67 15 1 1100 11 0
1108 359 1758 1871 252 403 404 132 1229 11 1462 152 267 74 55 88 197 92 1180 4287 65 24 30 2 114 71 1058 113
185 7 8 6 31 103 78 255 386 727 10 1753 24 6 201 1155 43 3 562 563 476 1127 949 216 66 162 30 660
96 87 13 614 1238 18 386 283 38 216 0 1616 237 68 276 27 197 888 23 131 52 109 673 519 840 52 987 97
17 217 358 181 662 27 593 35 142 404 10 23 34 1178 228 400 380 170 536 1210 117 547 356 435 6 47 177 29
3786 237 254 122 1 605 462 190 276 278 36 2 585 74 354 18 78 3 1794 51 28 89 3 184 182 38 144 211
726 2019 215 1706 169 1089 13 122 171 131 14 707 140 377 14 815 618 38 828 55 5 280 682 438 467 159 50 1
70 787 1877 545 302 138 15 19 618 487 817 1221 1433 97 782 4 117 105 96 12 320 139 461 38 148 525 746 1
443 745 29 383 326 123 13 834 2159 20 333 47 120 44 44 1477 2497 166 103 490 723 624 1410 1290 234 96 157 109
408 405 77 246 302 468 637 240 1124 67 576 266 1103 1103 1032 1666 8 89 438 1054 119 70 277 229 958 738 890 388
144 43 240 47 21 1366 71 576 12 28 123 154 12 43 1144 65 0 524 608 645 657 1 74 382 59 14 483 508
89 1339 944 79 138 277 278 11 21 115 977 3 23 5 321 132 696 460 635 1365 769 423 4 764 487 642 656 549
2280 600 41 127 480 13 246 8 89 23 318 202 48 971 6 81 522 1 471 53 611 26 494 11 21 16 11 158
21 480 13 37 188 1 1015 31 648 159 616 24 852 868 15 1 78 646 147 146 161 246 1270 95 209 642 3 38
2113 761 352 73 46 1753 604 24 1625 31 719 253 724 1323 13 3293 400 22 74 206 2048 46 110 178 683 816 880 1035
967 21 373 12 563 53 4 629 2009 497 85 191 358 159 90 458 296 1 13 10 146 1 130 381 50 2009 651 4
2052 3 9 246 157 1944 12 421 1109 171 305 67 494 5 175 84 725 25 363 20 129 4 781 77 134 413 517 264
2278 11 4 277 110 1532 145 73 867 5 92 185 1269 120 1802 45 137 32 530 81 781 11 139 110 401 495 313 514
2 1432 148 33 156 718 400 1272 1125 28 155 1 661 155 9 348 1184 0 100 396 35 417 0 1499 3 105 1241 315
42 784 3 23 1744 618 640 56 58 1600 470 48 596 226 766 95 141 1270 8 13 43 2703 172 4 950 2 714 1
253 2795 72 1 815 217 757 115 977 83 415 453 110 401 377 265 518 251 747 1164 160 107 586 1 29 123 672 62
395 1276 55 3 1926 175 86 65 3 24 791 554 404 7 2 99 316 839 29 2794 10 132 536 644 1496 1023 42 610
393 393 658 208 575 201 1123 91 701 242 410 590 854 93 302 4 44 1829 32 47 217 104 986 313 341 682 2 114
925 1696 167 179 73 1752 1855 979 60 458 803 156 1752 204 240 23 1092 1207 8 206 0 34 263 242 454 1255 944 11
3 1201 427 106 3049 17 174 2080 1453 465 327 307 21 112 195 2428 22 567 660 195 504 494 1549 9 955 40 7 114
967 123 47 1125 69 339 130 8 131 3079 1052 34 593 134 590 2369 3764 169 35 3 193 505 126 800 358 316 9 109
653 166 543 432 1219 226 373 56 95 30 436 736 2557 401 464 408 524 1894 365 365 651 280 1499 103 15 1 1401 858
764 67 400 73 2 1551 93 486 1871 22 182 598 31 46 154 16 347 3 105 2385 12 320 441 672 127 1623 94 533
335 1110 1060 1339 636 778 480 799 51 1179 1902 1 124 415 15 27 51 50 328 21 423 45 275 733 42 36 159 577
77 246 76 1427 600 4377 2780 2009 322 24 15 217 2247 230 872 85 40 44 960 1247 24 15 414 462 135 464 1525 111
2482 316 605 367 1467 288 543 88 136 14 519 4174 42 849 107 1936 249 92 218 64 1122 525 963 104 1186 4 2701 2209
0 437 411 415 384 2288 3 422 30 9 177 960 134 21 576 1979 82 1561 16 825 2241 179 217 26 92 1199 492 145
35 400 1049 61 147 136 871 29 83 683 816 540 777 3171 508 21 96 37 32 3 54 1371 22 510 260 935 23 693
10 971 429 83 127 1684 1416 207 1365 661 745 2 174 1683 621 200 2 1679 912 2814 1113 384 384 22 130 55 384 1146
559 260 98 564 55 35 318 75 18 1113 1159 8 659 115 920 178 951 36 687 10 236 296 113 60 1618 7 114 121
81 326 349 65 20 653 7 285 819 776 419 122 2257 126 7 100 336 477 797 1791 136 281 555 15 19 0 269 690
777 13 46 398 1124 1109 56 132 220 274 519 55 2134 41 441 37 188 1 0 162 42 522 159 637 3 476 142 347
768 80 3 119 541 0 13 80 653 2282 70 1667 247 298 110 176 244 776 390 5 13 1132 438 0 280 93 241 41
52 696 1121 246 42 97 664 95 119 901 90 220 923 5 1584 97 2182 120 64 462 369 276 282 11 21 40 3 359
429 2009 264 657 571 385 1145 194 590 854 476 1553 11 158 244 54 1 108 634 1153 152 97 134 628 18 88 1169 590
408 46 390 437 129 416 186 694 406 1256 23 17 130 355 80 965 166 958 53 826 1367 1984 92 690 31 2 10 106
597 1260 5 2030 593 0 322 72 57 327 3883 72 83 513 710 213 587 647 383 457 734 1349 1034 2693 483 216 30 51
439 78 163 329 60 273 57 281 8 83 26 316 151 1721 149 183 122 1453 249 122 369 962 1 11 199 111 37 2117
818 167 210 191 163 89 199 16 32 876 23 1367 14 1810 2081 2223 482 223 8 50 338 97 905 42 596 874 235 587
13 146 367 1076 115 271 239 1894 1052 50 87 328 34 293 112 113 301 543 148 1351 89 806 625 515 724 248 159 1123
96 91 99 30 208 101 599 202 16 1 74 1 217 93 668 835 644 607 13 90 497 566 192 13 861 661 284 1871
28 1367 193 234 790 204 621 494 53 3618 1591 6 144 382 1264 20 197 92 601 131 1436 1313 495 187 629 2 271 222
1548 1548 12 12 1287 123 26 269 187 303 97 261 118 547 123 272 281 1624 642 295 165 946 47 111 469 2 13 2
50 1 896 50 415 138 78 3 88 174 63 110 506 848 165 376 162 50 1310 142 821 444 1964 1964 759 1317 79 29
559 2558 652 213 20 598 470 1025 201 77 3 489 125 1845 479 30 627 232 4 188 440 851 837 507 203 58 20 401
662 844 63 173 185 1524 122 125 1729 713 12 37 662 50 35 400 1272 1 634 42 726 1127 227 8 402 16 82 189
1238 290 164 49 41 49 923 271 41 176 94 16 89 3 2264 281 591 7 1184 820 611 338 443 2052 184 182 286 110
149 21 423 25 174 0 1036 93 2408 76 66 903 493 493 30 144 149 21 128 246 38 0 113 710 213 145 21 11
967 613 3 74 441 26 2774 204 35 183 443 22 390 137 162 821 391 126 8 232 464 390 14 352 369 20 109 159
59 389 119 13 495 456 305 7 85 502 485 35 77 70 2245 51 84 15 37 9 34 67 96 816 5 130 391 239
322 81 1095 1252 1622 132 544 68 282 1504 1605 105 63 173 2 271 308 44 46 791 491 347 36 62 20 401 40 1190
45 945 17 119 678 1299 180 475 308 1090 1509 96 49 273 0 87 486 2481 514 20 1601 943 151 1018 113 294 493 493
1099 67 2455 445 41 775 644 1406 1856 498 389 249 667 110 81 0 1683 899 317 1213 153 58 17 12 38 41 9 29
17 523 107 1936 738 235 95 148 43 96 157 823 130 254 90 905 20 16 318 119 736 9 1516 67 36 697 21 492
256 722 470 267 1185 354 1588 432 54 37 716 82 966 0 848 157 109 1181 680 680 2 10 1172 11 1759 44 316 156
179 1126 755 23 22 93 428 35 21 0 19 133 40 7 205 839 874 609 98 327 128 4 761 0 269 547 1605 485
335 423 1298 61 1862 233 269 1313 732 220 165 128 401 145 213 15 579 650 188 64 73 29 186 80 267 352 247 314
35 5 3 184 257 35 18 8 17 97 113 258 2 271 1042 1074 910 5 1538 80 653 126 7 0 37 464 963 28
88 790 7 657 1174 2 114 43 522 40 957 128 719 255 58 620 1911 3095 363 1988 254 313 9 1 2052 621 2380 68
302 89 1078 356 26 573 4 1558 1523 47 192 436 37 2 1639 121 1124 13 141 70 1132 327 141 286 92 3110 1413 195
1824 176 1423 32 540 125 23 1088 250 34 770 96 119 104 1115 97 49 63 286 944 1687 1196 1608 736 627 294 72 1022
253 99 500 374 209 356 50 973 229 8 191 186 92 1260 378 319 5 84 180 60 481 152 434 41 668 55 175 1000
497 224 1138 281 49 63 173 1390 155 48 432 288 1101 1101 48 58 507 203 821 64 44 11 59 919 516 162 818 162
686 764 643 349 495 16 1341 571 618 107 119 55 175 276 50 1 375 42 115 14 216 40 125 44 107 656 1365 1363
1863 275 93 22 26 55 145 71 502 50 1 2407 16 610 750 2226 2127 1 0 0 46 103 490 655 136 413 828 36
1206 6 925 368 650 190 15 226 282 26 1576 109 540 1814 61 178 364 843 1410 164 514 4 226 415 218 96 116 116
2623 67 73 275 199 477 96 323 19 322 81 1950 142 1174 23 216 116 199 33 869 253 329 33 156 224 672 102 18
1092 707 10 130 223 1497 34 212 2269 0 50 237 324 165 12 7 152 303 2 99 211 16 9 109 7 403 384 77
2007 55 840 17 28 256 1596 109 360 81 700 1 211 1204 1648 120 91 2391 80 2113 60 31 159 559 1 34 1365 68
1009 196 8 6 842 1999 189 30 144 36 444 1534 992 111 67 281 53 1660 1017 47 124 436 135 73 130 515 724 9
831 769 4 44 43 231 826 547 356 441 76 71 195 439 10 6 39 626 1145 940 303 642 16 57 5 62 162 821
164 177 55 1067 226 94 952 172 324 72 1272 24 179 28 41 425 714 81 261 2666 2666 73 16 511 225 161 5 15
712 205 184 118 469 480 84 149 41 1336 2203 60 1626 71 2559 110 1613 404 1 46 30 144 292 224 17 76 575 639
696 149 86 885 1511 81 601 777 661 122 1145 15 348 241 256 55 55 125 110 351 352 79 456 0 440 116 6 26
524 271 619 538 1303 595 23 234 705 1679 523 1396 1715 105 16 22 65 239 1793 27 1193 141 235 127 13 76 2774 973
1560 21 246 75 103 453 224 1 322 347 1 708 9 1162 354 18 1941 239 206 10 28 24 7 325 226 562 31 43
310 310 321 979 88 217 92 593 30 2 335 876 832 0 766 448 20 2348 2 13 241 64 336 1127 203 333 282 1413
231 544 15 10 207 493 493 1165 37 266 357 2133 370 47 1972 409 258 6 128 386 552 592 321 88 565 1 267 23
175 474 1369 49 80 830 32 1177 290 454 2265 207 174 848 161 383 853 38 812 159 978 112 501 1124 991 1110 1060 873
45 13 218 410 121 443 933 405 715 2 1271 1496 71 196 611 401 43 330 1317 198 1575 1042 105 727 14 50 201 356
1683 437 1369 937 295 251 381 50 217 651 117 1192 618 376 6 301 22 27 298 36 465 319 100 844 224 442 158 127
429 2009 2049 36 1982 96 885 215 3 134 229 9 1453 883 407 464 261 3215 121 1720 1115 3509 357 31 1912 67 14 17
502 437 1864 1747 873 369 2470 783 131 52 166 689 232 174 494 667 903 182 11 594 296 174 49 90 173 794 374 1
369 108 1120 10 672 272 100 100 6 215 717 291 245 4 188 1 1058 1219 355 195 205 132 126 0 440 90 33 15
347 121 1030 1687 42 1351 12 706 815 11 21 387 44 154 322 68 261 112 154 64 352 73 66 91 732 1 33 1117
21 2743 462 262 623 1572 1734 429 2009 1726 656 43 261 112 452 133 237 1 149 21 90 171 273 22 85 737 70 1479
141 3 1367 112 1793 523 109 367 164 299 103 1139 93 23 51 48 6 440 28 6 976 329 244 51 1458 5 84 3
204 379 935 84 1488 22 428 231 3 1536 1536 427 47 3 7 1042 574 122 154 65 120 198 39 2226 16 383 283 209
1699 1382 240 935 646 623 22 25 116 1036 547 816 153 321 983 312 400 717 18 8 460 23 240 23 15 44 302 0
14 552 424 3 575 123 427 343 208 28 97 91 246 744 235 1772 2970 3864 89 1 709 87 158 331 370 97 113 137
975 403 29 1324 841 97 289 1135 7 2 271 275 41 62 176 473 822 650 104 77 246 30 144 0 46 348 1421 179
2 51 182 634 19 2069 39 2893 1733 489 11 3 51 1114 141 508 13 105 27 2 1526 1356 680 46 152 334 4 6
104 887 387 510 1 746 413 1466 5 668 4 22 34 546 48 324 146 36 897 1664 36 78 336 16 1403 73 435 90
78 38 544 50 10 23 31 29 362 104 1675 4 432 41 16 333 92 2355 228 90 49 63 23 1182 61 298 1625 4008
2 2695 1870 1374 424 32 489 1022 48 1071 597 435 354 931 296 731 174 22 31 227 188 453 1532 341 426 103 779 413
755 600 8 80 445 445 379 766 338 182 483 46 389 1339 3 243 168 19 709 1334 844 224 697 1631 12 912 717 3
52 38 86 2559 87 313 913 588 119 24 59 947 448 550 191 6 876 114 615 415 2050 2 99 534 103 958 899 825
104 28 294 1891 762 1280 54 145 881 296 50 1503 10 141 981 236 451 9 456 2 1566 45 1 352 1264 100 734 927
42 100 250 214 113 361 55 2 477 302 12 294 302 2 63 173 627 16 655 265 84 533 2227 297 139 819 20 16
225 1206 32 86 199 1301 731 32 210 900 37 2 1969 1114 166 958 51 1173 865 5 1019 35 400 49 310 32 243 38
93 38 73 3 454 914 397 341 93 1047 1350 151 263 456 2 259 347 44 111 498 440 11 323 11 217 470 965 120
1018 245 1331 138 1636 189 528 2 548 764 304 343 270 756 154 884 284 244 7 23 187 348 360 259 556 6 16 30
13 84 6 435 376 314 665 519 130 2 271 8 8 165 3335 391 156 645 88 230 474 34 263 9 1833 994 30 43
73 452 119 1101 103 633 637 481 124 18 149 737 50 1282 103 168 408 19 116 844 568 18 19 9 572 182 6 34
61 209 169 380 2063 509 126 1987 41 1718 899 252 1 6 205 757 584 730 287 782 1323 735 719 1099 686 220 245 2
2 51 731 3 38 613 146 4 332 881 173 383 362 928 15 1 49 63 173 24 30 108 37 879 197 85 825 512
50 1 1770 15 385 1145 162 467 1473 46 19 540 777 757 365 194 47 616 77 1059 573 6 1012 1084 480 1009 1030 391
1 178 178 822 81 6 831 715 811 77 213 726 1 666 26 992 90 173 11 3 2 343 71 453 22 47 120 348
641 145 664 5 375 0 703 278 149 451 9 1918 14 247 18 141 435 6 47 22 105 296 51 78 163 163 295 4
231 265 151 618 429 1418 1952 427 430 639 2676 1259 294 1891 561 975 385 1 413 88 593 0 157 207 525 1 20 1045
138 276 111 614 196 88 767 356 495 62 71 1549 9 658 45 45 574 51 825 211 1551 59 3 1615 1174 571 26 651
1523 1386 1562 1350 3310 205 1512 35 23 112 113 857 119 93 22 759 1201 727 11 256 218 432 1552 563 226 518 72 1295
145 20 33 79 71 663 84 588 13 75 52 1 840 1326 1319 310 1159 1400 61 1102 100 1918 230 7 124 659 43 4
252 1684 48 2284 43 146 8 1136 767 587 735 19 128 211 26 19 212 224 174 616 714 258 333 683 61 76 504 667
967 93 376 6 457 799 21 949 36 1014 2295 221 3 1216 133 30 2040 66 770 1083 93 22 2 137 3 920 970 459
49 63 177 480 8 131 123 390 167 1972 409 97 99 425 3 275 881 1684 35 341 38 480 1019 11 61 17 1186 90
259 556 41 1679 665 390 10 4 2701 1780 11 208 294 131 57 159 147 164 8 265 70 1105 342 475 1612 1 69 543
435 62 287 134 46 34 755 29 130 669 182 614 34 9 436 352 1110 1060 41 269 610 342 440 897 1126 65 320 105
535 1735 423 224 565 1153 320 95 227 150 164 453 4 950 435 6 51 1173 639 26 2142 81 19 15 69 135 218 99
751 1 521 2564 30 1088 28 191 234 1941 1567 1303 2016 109 367 184 251 177 57 332 897 1664 232 904 36 20 99 96
522 1706 222 333 453 60 1540 240 1802 373 916 1 74 397 1763 87 292 211 55 125 4 15 1 676 113 76 4 1911
8 251 89 6 956 650 1129 44 44 1 74 568 58 129 91 1029 1267 1627 1 12 21 785 785 28 155 1 32 358
396 156 394 86 627 9 12 1707 7 235 771 1373 1204 548 7 865 4 71 66 554 559 166 1139 50 117 1105 764 672
406 2714 35 22 108 178 43 373 987 358 62 1526 1915 0 630 158 432 226 197 505 1253 546 196 611 436 817 380 18
2873 841 215 1284 1005 541 225 582 1735 298 208 9 351 129 898 44 138 862 348 44 84 16 327 486 301 207 4 31
545 430 1 50 0 268 296 643 311 67 30 461 835 331 17 681 997 69 219 647 157 2004 12 7 146 630 246 1674
231 3 1367 231 396 195 103 1191 573 451 269 88 217 636 521 583 1213 61 31 0 1307 2 266 525 133 33 1872 3899
3 93 109 367 1149 406 790 118 754 52 987 4 932 2 51 3 514 69 53 11 86 0 761 251 11 209 52 46
2 1423 35 12 6 782 233 432 658 307 54 1237 2288 768 1210 113 2081 2223 318 40 741 127 14 7 2853 1722 2537 80
2589 1 13 444 106 40 68 50 12 119 401 82 625 1000 43 514 31 135 228 22 21 292 211 837 209 459 17 97
187 10 134 36 165 232 460 103 0 186 128 43 146 861 126 159 765 1179 29 265 6 2240 1912 1001 604 65 826 336
1107 393 219 473 508 1066 345 201 1239 43 402 249 668 44 1007 43 24 15 151 18 1388 148 117 88 402 14 14 462
1224 91 44 1751 94 638 608 291 119 451 9 214 7 52 2 402 39 130 1142 18 483 44 614 1339 28 514 4 385
23 237 48 14 628 2 502 320 263 42 164 1656 36 156 145 1705 97 113 19 8 319 30 144 30 205 269 303 141
2073 339 109 367 23 776 693 1281 39 152 20 947 348 918 994 30 2694 2912 1100 724 319 141 47 114 21 819 183 342
96 86 73 200 63 273 28 58 141 2303 312 15 24 9 969 112 58 894 850 45 413 188 1347 982 119 384 86 170
2 111 9 285 4 861 155 393 83 714 64 112 120 1338 2 1238 60 246 352 100 222 53 2062 96 33 367 169 1089
165 106 1134 77 2 724 215 442 288 4 168 241 80 948 110 834 26 389 96 143 337 141 69 1230 2205 2 2 11
26 414 128 150 1488 541 78 3 226 135 91 97 5 0 255 291 902 266 485 1867 145 201 144 96 676 156 181 1752
1308 401 675 141 380 225 1841 4171 465 48 10 779 7 5 1338 564 23 120 926 63 5 273 122 714 60 584 514 0
500 1113 91 99 394 82 530 238 149 21 44 539 16 1018 1 598 152 438 162 617 44 1294 9 447 31 1014 1 838
640 619 399 1758 76 66 130 305 6 141 440 144 11 203 362 761 253 273 304 164 22 186 19 118 1207 97 11 1414
164 8 1063 167 457 18 109 7 1745 217 747 465 139 44 46 62 460 1258 1202 1188 0 247 598 658 113 281 438 162
1009 42 8 3 1794 131 657 592 321 514 315 390 137 267 601 3 291 871 584 538 22 201 273 9 81 4 1268 537
818 818 203 911 65 217 326 141 245 757 704 532 47 28 80 1119 489 18 109 126 7 141 46 94 282 186 16 26
934 764 24 15 2255 22 348 792 1426 300 145 233 246 30 10 1707 7 2048 713 23 278 267 55 191 23 1876 181 317
2 10 948 13 76 2391 537 24 236 46 46 111 150 1160 62 707 908 187 127 13 2372 54 39 1709 436 165 127 995
818 134 746 786 397 9 78 3 26 405 161 1136 2237 0 37 347 91 611 49 90 63 30 223 58 567 857 295 172
1283 242 296 657 991 18 6 402 13 13 295 3477 245 61 662 86 97 2128 1237 5 124 41 237 943 46 16 258 608
1329 28 267 404 774 20 183 1323 735 46 389 959 1213 41 104 887 176 1142 149 74 43 455 64 505 342 514 0 19
335 821 112 238 41 94 282 112 545 427 106 351 11 162 2 99 1090 463 634 183 199 307 43 8 3 101 338 43
2062 218 978 1668 127 1179 195 53 2062 15 944 13 101 2003 807 12 417 10 69 357 896 405 128 15 1 1276 279 1036
798 399 2276 160 2 502 340 5 175 802 654 144 222 316 313 275 317 821 2 35 4 130 124 352 122 128 565 1023
1382 12 81 221 35 156 435 6 149 76 9 391 230 145 217 122 751 33 0 34 375 41 401 214 196 20 506 333
2 177 7 588 270 9 217 92 80 103 864 56 1 237 0 268 3249 729 226 110 16 112 25 11 80 1335 2 221
145 343 1178 217 790 204 863 370 8 80 453 844 224 728 81 0 8 272 201 90 799 77 966 566 948 1014 1 277
818 11 236 45 135 27 346 499 1705 7 281 2170 280 660 82 975 1162 120 169 1089 48 94 291 1916 1909 960 261 112
15 1 807 246 235 447 415 11 3 106 40 22 402 211 677 9 16 715 360 1249 900 163 75 374 20 219 1549 16
1452 2714 89 163 2 51 128 367 73 446 1116 95 494 998 115 122 901 485 166 525 104 412 999 253 1209 100 204 25
2 133 0 282 186 20 1002 50 1 642 280 3 291 280 393 393 95 9 287 33 135 279 33 174 113 221 89 342
1824 218 720 73 46 435 130 1274 1143 174 1464 685 44 746 1777 704 493 493 0 268 19 140 36 63 173 736 1826 2245
55 468 35 244 152 498 378 2 235 35 21 5 786 37 345 1 11 217 108 15 129 493 43 47 657 390 572 229
469 137 189 246 352 436 48 1154 576 180 11 111 500 88 51 143 148 941 511 110 415 319 535 15 41 515 384 1530
2297 289 37 12 1464 233 1177 30 687 157 1184 786 247 903 1 443 268 243 1 634 28 1236 109 1181 96 533 373 7
288 1368 126 7 378 2 114 901 19 1996 1342 349 39 757 87 740 944 197 207 761 465 50 186 324 243 207 59 891
56 35 2117 1970 228 59 1216 788 3214 0 69 240 952 20 1687 655 623 1572 177 1070 223 1 12 85 155 2567 399 147
43 1222 1 36 108 106 40 32 89 391 0 15 84 100 347 144 855 1179 160 2135 624 132 7 634 34 324 115 898
358 2120 627 479 370 636 45 254 2559 980 3037 974 2478 611 651 242 1524 114 201 8 10 1691 940 8 1329 462 538 310
327 963 50 12 455 686 736 1084 480 0 16 249 4 932 0 622 118 754 0 322 50 174 113 354 352 6 220 46
53 36 550 34 9 11 2109 54 2 6 5 120 759 975 320 1177 852 831 164 292 6 328 0 1100 292 131 172 92
320 520 300 50 125 459 11 141 43 709 56 147 116 67 347 12 422 243 0 389 31 176 46 53 2062 350 190 306
50 1 25 423 203 356 111 9 1 4 603 80 1282 23 276 213 126 55 84 124 1551 114 170 1389 105 1071 313 20
724 2752 5 89 228 52 234 385 1 627 232 14 110 141 0 839 1524 7 2133 548 6 143 409 41 269 43 135 1190
22 894 358 8 41 2249 1079 145 21 1092 707 514 0 492 102 121 3044 537 394 150 85 524 1 9 1724 706 99 212
1291 395 702 325 192 249 383 2774 1425 9 126 126 320 184 433 453 264 72 2795 68 1201 638 563 1411 12 28 183 92
252 33 724 521 434 89 681 63 173 163 45 976 201 47 233 59 2466 2466 112 130 541 2 51 1478 1478 2 1739 120
2 274 1370 38 536 1799 31 1929 1101 49 210 1431 313 380 118 1367 830 884 25 364 58 698 139 15 44 1775 101 4
35 826 293 3 231 182 301 195 47 361 1008 230 212 11 2 28 298 674 53 611 51 93 118 402 25 154 46 197
35 330 35 1439 15 27 188 1 940 45 23 1001 165 16 954 5 954 281 547 356 313 0 348 1056 836 6 150 250
2 272 351 511 128 1275 41 411 65 32 53 31 7 136 20 359 892 17 1549 0 16 1 74 15 1 223 81 1122
10 23 5 70 176 27 401 90 33 1106 22 169 800 144 2553 334 26 405 49 63 63 164 137 3102 2233 36 99 303
144 33 119 609 0 933 2945 664 126 9 32 197 821 320 610 342 1523 706 41 541 358 399 199 16 986 8 131 725
841 42 876 114 288 88 65 115 211 1010 2213 759 1 395 312 22 1092 707 13 626 1270 0 19 515 303 117 89 61
611 59 974 360 1762 156 84 1864 1747 2918 85 13 13 49 90 173 78 167 3 88 765 109 1181 66 16 566 1639 289
1756 564 262 181 33 476 1058 196 78 3 196 1374 845 20 16 464 130 92 851 165 109 1181 2 477 69 7 359 35
1473 178 184 344 108 15 191 568 139 149 21 428 428 278 278 480 259 1308 689 59 985 1509 66 9 39 757 780 344
90 220 109 367 518 612 27 197 888 239 662 433 117 404 16 914 384 844 85 185 1210 77 6 324 0 667 42 81
590 2369 1126 156 276 55 159 2 44 9 1342 33 259 1762 1320 23 57 163 201 23 105 421 12 202 2222 249 3 249
293 217 346 21 162 137 0 223 1 381 583 192 614 1080 41 571 32 948 6 4 525 228 1009 263 44 4 329 1135
28 316 1400 569 262 280 1050 126 1112 31 132 544 65 5 54 47 400 208 41 1005 43 7 605 110 7 1854 176 216
2 51 731 3 184 28 1082 389 263 8 28 457 1274 278 69 7 314 345 51 743 2002 1309 22 1358 1871 1524 140 900
1473 225 321 245 634 413 9 817 224 1233 369 589 189 165 1178 861 1941 1567 80 233 466 407 704 954 239 389 0 19
33 1588 22 85 675 33 74 201 27 525 44 191 9 525 698 205 1369 937 149 21 258 1184 141 1278 32 94 135 179
48 14 442 325 1276 1165 655 0 614 6 40 806 35 5 1935 384 1256 25 16 2222 517 30 14 1395 2155 339 51 2694
22 613 78 167 1205 101 844 144 327 505 502 127 74 58 2425 39 207 15 201 576 16 1472 525 2 411 264 49 957
633 8 3 8 80 378 1788 538 405 0 215 589 1574 127 13 178 456 7 141 981 0 19 11 21 1145 22 36 206
61 1211 1208 86 412 1 11 59 0 834 1182 95 482 89 114 357 156 67 11 266 1 74 177 51 18 8 1891 109
5 258 89 760 211 506 88 99 139 3 379 0 19 30 232 686 4377 43 147 1411 669 345 702 1403 86 710 213 133
897 1664 801 695 915 16 225 447 447 108 6 1668 462 9 91 357 36 3 1723 825 64 32 61 2029 160 1901 384 4
305 1733 1106 24 88 231 265 961 2881 183 302 0 162 888 40 401 9 42 259 15 46 13 9 314 240 0 94 19
23 67 285 36 550 175 137 375 99 102 322 60 246 915 133 53 421 12 55 1305 141 3 184 182 28 461 902 265
145 74 171 273 465 756 113 475 44 634 131 714 783 7 1943 2225 641 12 394 1491 760 63 224 343 155 51 9 530
527 1 933 247 472 518 95 129 977 249 371 1602 19 568 690 626 52 44 4 199 390 63 955 17 74 136 97 338
503 1797 390 195 166 548 37 13 324 2328 555 15 24 691 277 162 37 333 1667 20 257 383 124 41 2 844 224 514
322 664 1000 42 899 380 59 361 1008 72 1490 150 26 162 30 10 223 29 1667 368 566 50 1 83 703 456 104 699
52 502 493 493 185 972 355 1448 1383 52 46 136 160 1 1032 38 528 584 252 2044 18 911 380 642 1675 780 774 119
1267 575 141 46 333 4 1 1507 252 1 2204 838 500 598 6 59 18 105 80 617 598 235 330 1918 986 812 156 153
491 2925 119 609 386 552 604 465 139 186 566 200 246 384 73 967 788 14 2 3669 139 23 548 88 1066 1524 2 972
1901 166 671 101 599 892 113 94 533 467 166 924 144 761 111 219 63 173 153 35 181 1575 438 0 19 3 256 147
1142 14 863 73 151 106 652 55 1684 8 76 4 44 46 102 369 126 36 1130 64 599 216 295 13 356 739 964 316
330 318 460 363 832 1610 1597 1123 2 51 594 313 553 10 50 44 20 2214 1883 2797 23 180 1356 84 375 155 45 191
271 271 7 1 391 156 751 922 142 1376 1022 43 359 332 351 58 1499 1522 265 1557 178 235 578 213 360 333 371 178
1536 1536 230 786 389 651 265 0 579 127 838 233 519 734 223 160 107 20 514 31 2217 190 415 18 391 658 270 10
1239 540 777 326 375 183 1817 316 324 1369 2030 15 579 1 188 122 3 120 465 149 21 110 229 172 464 51 51 6
320 571 259 117 838 96 1241 1 745 1053 315 0 747 844 104 7 603 138 3331 1031 248 802 295 63 14 132 326 1512
77 6 226 0 119 50 117 696 349 438 578 1372 480 252 30 144 1800 59 76 43 72 295 311 0 19 7 80 319
35 251 240 44 138 80 425 30 144 4 344 40 1253 11 105 108 678 138 911 380 170 145 80 1237 3 0 1178 114
304 156 258 940 49 52 74 406 600 1582 131 1303 120 45 269 135 371 10 571 321 983 22 1352 992 273 31 1056 836
8 28 12 74 22 318 693 140 436 134 3 55 97 124 49 132 8 56 477 537 6 83 27 41 970 42 1 156
532 46 62 47 643 0 897 126 940 1407 134 28 221 731 947 1692 52 1239 1033 618 170 1389 270 190 415 845 3 86
746 950 197 821 269 282 721 236 1338 724 768 343 75 0 67 1758 35 598 315 213 32 47 2 402 2 4 610 2
11 21 30 1343 906 226 210 120 255 174 341 93 180 2 51 72 1012 1157 1056 836 110 1282 63 173 48 341 469 34
42 296 715 596 2341 2393 2 37 384 314 466 1179 1902 41 1699 5 8 159 399 256 88 792 98 2738 146 323 443 637
719 1002 1274 447 1018 831 1415 112 200 305 11 17 262 17 189 141 510 182 55 748 113 136 74 261 112 0 94 158
2716 71 3482 406 418 123 668 106 295 333 1140 63 421 277 1 44 3044 23 533 34 263 162 708 989 433 206 17 734
967 302 12 1543 88 26 1566 50 1 1968 95 1151 194 82 55 84 0 66 119 609 0 433 326 234 11 18 141 3
429 2009 408 6 307 354 1230 2518 433 10 657 407 3159 133 190 1398 80 947 1002 424 186 653 596 1281 246 2 99 1277
20 107 1631 813 72 325 1165 0 64 342 509 88 322 258 80 1137 208 217 63 134 54 2462 1558 1171 438 178 39 798
259 556 1033 1344 673 734 927 472 58 1622 314 1179 67 6 572 406 119 50 347 94 157 62 4 108 384 378 34 546
1118 13 1712 68 1714 9 303 15 381 94 279 14 348 515 81 316 37 178 108 521 23 278 105 1489 652 98 41 401
244 12 697 213 921 6 930 149 792 53 36 669 935 201 4112 426 108 309 483 1125 23 351 466 672 81 33 144 723
1139 3 180 75 78 8 1348 23 302 150 19 197 107 41 58 25 246 9 2570 106 709 6 152 20 92 80 351 78
72 219 394 824 88 100 396 134 101 111 9 197 31 91 123 71 2612 441 39 282 775 741 546 2 51 668 230 8
945 463 1025 139 163 275 26 573 708 300 186 815 46 769 1125 1272 35 2186 139 17 175 110 47 631 558 64 126 7
68 227 1503 136 1100 50 3551 148 1351 163 356 95 9 222 394 404 277 553 3 184 182 298 2233 730 36 54 93 22
959 161 869 116 361 1008 112 992 480 561 910 863 17 2231 370 0 73 3 52 46 284 8 28 1367 92 248 141 234
435 14 988 93 903 182 215 1460 91 967 1113 342 9 44 126 69 313 270 214 5 1070 53 36 1416 23 837 1103 691
25 1277 1176 246 1265 356 70 626 0 110 70 188 1 58 225 237 1700 216 43 16 544 259 83 2226 317 126 908 555
259 1124 15 57 931 950 413 231 508 5 12 233 2280 82 11 21 97 246 158 252 148 558 64 385 1 0 0 541
174 596 1125 25 536 113 159 698 39 243 1 0 31 553 30 310 89 3 28 155 232 267 263 399 275 134 54 156
402 428 127 14 60 1278 65 336 23 39 12 11 21 434 1023 312 1 74 127 1365 310 2906 2 832 986 1127 432 893
219 525 895 235 19 158 53 129 149 480 933 1417 159 276 295 73 3 184 227 1014 188 447 205 457 158 1146 2050 571
40 401 96 816 721 507 910 1030 339 111 84 312 252 403 86 86 11 3 1479 681 7 166 124 249 248 119 609 1018
2239 98 439 3 437 2398 360 1103 746 0 19 87 316 172 107 18 149 74 192 18 116 6 48 51 61 326 157 377
570 1359 153 2280 372 102 118 65 297 153 196 357 1185 89 441 1664 7 660 113 966 642 1810 943 79 50 0 345 29
35 22 48 14 1547 16 1203 12 1862 16 30 144 107 41 425 80 369 176 36 655 1651 83 61 178 361 1008 617 240
358 22 78 260 80 231 195 239 1541 255 1536 35 3 184 65 3 728 182 4 950 1759 713 164 236 1338 35 11 93
1467 1165 260 78 182 20 47 1125 1125 724 1432 109 212 208 28 155 40 72 49 23 769 3 237 49 37 994 30 196
2525 849 580 343 313 615 234 206 1352 12 418 0 121 403 59 16 55 75 50 130 1506 566 8 29 455 110 282 833
74 1 96 87 2 514 4 2557 217 450 161 59 220 141 609 230 239 10 379 35 400 3 291 547 356 158 1631 43
5 12 5 1019 491 333 911 1135 68 62 538 568 64 598 44 46 110 440 2341 2393 735 76 359 0 122 75 334 0
508 29 818 149 0 34 351 914 942 109 7 637 204 0 121 890 2 1639 26 573 1122 189 2080 660 113 915 71 58
967 72 2507 517 127 120 22 688 313 150 27 453 1239 1357 360 10 368 50 140 21 63 134 433 194 156 358 1188 1092
28 770 2568 33 233 43 126 2448 176 8 22 839 92 33 186 67 1442 1298 1154 78 359 264 657 1392 1769 831 91 113
912 2226 11 45 94 659 15 24 15 122 16 90 14 197 2 51 1006 57 274 91 830 3 1012 4 188 303 201 640
10 98 216 134 1192 497 1987 1 0 1037 4100 78 3 184 182 1553 608 822 35 260 338 304 15 1573 149 574 235 518
194 8 3 370 199 50 224 10 651 1177 7 818 818 285 7 16 1373 65 152 302 590 590 195 1769 275 5 54 48
429 2009 166 79 249 241 71 17 36 253 733 304 1510 36 306 282 200 131 36 891 626 3 217 515 1 386 552 948
1367 7 1983 820 85 200 14 483 324 981 66 49 63 49 210 354 463 896 24 64 2818 18 1903 33 10 568 4 223
818 7 0 263 319 2257 56 144 123 1643 59 0 579 174 1648 349 233 508 115 151 381 1173 115 201 227 0 213 129
37 102 3 184 1578 597 36 156 646 0 322 517 1604 177 102 291 1256 111 534 1214 41 78 3 1154 298 201 10 159
185 137 873 873 681 143 8 131 74 191 9 104 986 47 256 2497 269 475 397 229 679 1278 828 507 22 369 1282 52
2 285 136 281 1127 432 199 502 138 1734 1734 408 18 7 280 26 20 387 15 151 2671 1687 78 11 663 2 1639 534
55 13 2245 72 999 217 589 161 204 406 965 1310 22 0 253 49 534 38 0 19 162 1326 497 44 15 443 377 91
68 1082 822 6 186 100 79 169 215 102 1818 361 7 147 1882 124 20 387 617 1509 378 47 266 95 119 1050 636 41
1546 9 14 273 361 1008 6 144 66 149 168 48 62 1000 110 1036 110 58 187 1466 137 4284 38 2432 312 133 1497 180
231 246 18 500 318 144 1313 30 144 848 6 250 2455 333 307 139 1504 21 24 15 46 216 81 50 1 1182 102 897
271 271 126 7 8 10 83 49 63 210 1278 6 359 103 651 391 196 380 47 136 149 296 1668 872 867 838 150 25
0 289 576 0 728 6 440 52 987 61 178 60 1263 1624 1844 98 15 1 1806 500 1 37 13 99 1391 1189 2300 239
525 686 246 117 1 8 892 818 818 55 748 229 576 195 24 1625 1656 36 501 622 381 1 102 703 176 16 1930 1435
133 163 822 2333 310 60 861 15 47 459 1854 96 34 16 1050 114 294 127 149 21 214 126 5 141 302 929 240 141
2493 259 90 125 373 75 113 132 148 286 464 1129 1109 41 84 12 15 24 207 761 333 1 1968 997 42 117 1024 1219
818 160 2192 113 1247 386 251 143 107 249 69 1471 50 829 0 37 72 1201 147 520 1201 9 104 1524 130 354 581 44
867 529 451 50 86 0 437 491 21 51 3 44 199 23 30 144 4073 3210 37 547 265 91 1405 2489 618 2 63 357
3 1082 807 84 586 452 258 282 429 132 1024 99 176 53 2062 635 127 117 1464 37 11 203 97 164 5 17 76 945
65 6 55 5 608 1752 608 559 1 197 825 51 731 84 41 425 304 164 1049 130 46 1 74 79 56 4 124 176
588 582 285 177 187 588 113 422 30 75 41 261 2117 200 592 1326 1586 99 16 305 483 207 554 303 217 2137 119 156
365 365 85 7 1695 2208 29 5 141 16 145 77 189 769 649 275 565 1153 7 1052 891 80 165 5 24 838 0 187
2 477 32 3 184 3 28 191 128 32 125 124 442 15 490 1 515 569 292 718 400 9 236 4 22 16 360 130
568 141 14 332 774 94 656 197 127 150 1902 1367 35 61 1309 42 14 590 2 823 300 0 524 108 6 68 1365 612
1009 217 77 958 0 209 128 1233 98 70 1 316 16 629 96 295 974 12 54 1494 194 70 1664 31 827 109 2 1600
61 416 2550 1 245 842 326 20 1777 148 555 15 157 519 335 2 548 36 3 770 1249 295 55 3 873 430 82 58
455 176 3 286 2 411 71 380 647 682 182 857 143 380 380 118 23 105 61 34 1365 132 63 1903 59 1439 175 71
89 34 988 339 205 2 887 380 2 708 365 365 541 138 48 274 1394 183 195 639 3989 103 33 33 80 157 32 65
1254 87 642 358 242 10 4 834 1182 566 467 129 446 347 47 100 819 42 1146 117 633 164 958 24 40 1 74 152
3 23 107 1936 68 232 466 117 70 0 1178 15 13 18 20 443 401 231 482 89 238 9 124 1237 701 1429 85 276
24 518 67 196 347 70 117 1778 5 15 27 107 1936 384 31 1322 53 611 4 181 303 110 1036 11 581 282 11 59
1055 160 210 1568 411 23 306 1911 45 1551 59 677 7 109 58 1553 134 54 95 369 352 144 132 220 204 240 970 3811
1350 1536 844 224 429 132 1214 17 119 0 440 436 276 178 408 19 40 44 1 26 659 48 176 335 94 1655 60 68
686 472 347 6 936 52 416 358 1668 2246 1116 2047 45 20 255 57 2230 5 216 16 55 195 2 371 324 300 300 90
235 36 54 454 16 2397 112 831 559 1001 604 86 15 46 152 3 0 622 274 126 34 839 141 525 181 292 20 62
125 85 845 143 18 321 965 345 129 493 493 95 303 1 74 342 821 112 207 106 11 594 2 2 51 208 1411 0
0 144 63 173 109 91 283 392 146 24 15 48 324 36 94 218 969 112 1623 1401 23 1154 10 75 12 211 376 9
224 13 4 950 422 624 347 479 848 188 786 63 173 78 3 5 256 65 500 826 865 12 682 54 898 112 720 635
217 373 1859 7 247 22 741 300 205 1466 384 78 167 8 22 313 260 50 746 66 343 6 69 463 462 88 494 42
2278 42 71 2559 1233 131 32 71 5 80 839 186 29 55 28 141 394 1012 1723 1210 1201 120 123 134 54 593 2037 95
698 440 128 273 1693 136 518 275 145 137 469 156 134 1867 453 272 875 113 51 6 565 154 632 318 119 528 724 593
2 502 35 359 1663 23 202 110 157 48 132 701 2729 546 362 480 370 374 293 55 52 1040 48 0 49 53 36 155
14 1462 174 4 517 1482 70 449 134 624 1204 1204 41 0 272 743 668 1126 854 35 2 2376 20 319 727 14 2614 36
35 183 179 426 35 22 881 1126 3 1600 23 239 2237 97 782 978 224 0 0 3 693 22 97 534 35 368 404 50
149 21 365 365 681 379 570 155 732 0 6 1615 565 59 52 46 333 729 29 42 179 0 579 815 64 350 267 385
1923 1134 360 12 76 583 208 1518 313 246 97 623 1572 118 184 65 104 846 8 22 11 25 8 302 97 801 3 757
535 1093 50 105 398 63 517 133 16 314 466 249 0 122 1382 596 107 239 129 2 76 19 15 132 416 179 1109 1
147 1675 169 357 28 66 1100 625 22 24 1625 442 33 13 18 689 2174 1201 152 302 627 6 43 1014 2295 780 119 290
284 528 1566 126 1326 177 50 1 280 487 33 77 3 29 269 316 80 1237 407 839 0 19 91 1662 64 39 39 10
1193 73 400 35 21 246 253 23 277 225 178 151 40 279 397 2 51 306 877 159 421 175 569 24 752 295 225 94
1305 892 31 1025 431 152 319 601 3 1246 0 1436 0 1070 472 2288 1117 153 248 52 473 1575 438 16 610 1067 642 565
946 1586 98 199 272 3 28 75 37 11 160 2 1206 150 141 225 308 1846 246 233 2280 673 65 193 58 169 800 1734
1206 93 234 10 975 1210 404 219 59 31 788 34 909 704 4 330 986 0 236 385 1036 95 31 478 2815 271 307 354
1824 55 520 3 2662 2 331 367 2177 169 803 1284 39 15 27 127 483 553 1249 1219 308 44 154 1356 141 757 599 215
724 181 699 177 815 1367 454 33 2112 398 245 41 61 1056 836 304 5 267 249 19 81 344 4 34 198 31 607 95
2052 507 69 2073 12 74 3557 136 321 2857 2836 9 460 61 66 533 264 828 11 21 124 983 645 1 291 67 643 1386
1523 116 7 1039 104 1032 1733 149 118 624 39 71 541 4 1 948 49 23 758 117 15 27 582 31 87 253 194 504
97 134 514 212 755 177 3104 1127 7 414 232 797 44 107 1335 321 18 624 500 480 43 330 6 2371 275 9 379 346
42 393 134 3 489 132 55 22 348 2 502 320 183 546 737 53 97 289 7 1174 65 50 1 20 2226 598 991 268
1005 359 9 432 20 2211 1356 96 215 1247 9 625 198 64 391 126 110 19 67 40 833 14 379 408 18 698 192 300
15 46 151 6 4 188 1 24 15 89 46 689 2174 430 510 182 1 4 1182 40 888 66 704 297 163 210 175 213
254 132 1 216 2 1382 130 581 117 1272 18 887 25 652 16 761 352 4 574 225 157 32 93 863 17 563 59 29
89 27 79 56 523 217 767 443 22 34 263 346 291 157 1 834 1182 398 320 139 292 1142 825 24 15 486 517 1447
160 293 18 150 129 416 593 5 1070 0 653 32 120 21 115 150 15 1 317 67 442 1267 13 903 182 979 1147 16
2040 313 13 1 294 512 1709 2 99 287 311 154 282 168 2 732 29 159 676 2 226 954 65 2 732 612 150 706
535 45 110 150 197 231 1756 143 1406 124 281 430 1597 1123 190 160 0 1307 258 14 798 0 19 96 135 1831 78 276
1801 187 2462 1558 95 724 65 97 246 23 58 390 17 922 2897 920 1179 374 28 12 11 15 146 1488 466 1575 355 229
383 170 91 44 971 94 628 1 0 0 33 1367 45 702 325 8 131 347 1190 38 9 141 624 6 1972 409 21 29
104 852 119 609 487 862 79 83 397 472 384 154 286 1279 396 2497 35 224 347 1760 203 110 9 575 161 9 1509 36
517 88 0 614 26 389 387 218 196 232 747 53 611 81 4161 35 4 1268 321 664 11 1425 303 3 266 255 1326 357
156 550 2713 126 7 100 330 284 1162 18 81 760 48 140 622 264 145 54 437 879 1512 2 2213 15 269 106 10 178
89 27 8 44 294 115 178 99 2021 67 27 598 45 10 4117 228 743 3 0 389 498 1 59 1058 113 72 604 261
967 275 390 238 201 21 1108 274 907 11 615 846 499 1643 1301 271 436 116 151 37 2 99 158 188 62 1483 567 514
662 38 381 3 1166 100 872 1135 139 179 22 1333 262 195 1016 679 2624 81 1323 79 2 384 348 148 1351 108 6 2162
967 22 78 3 536 164 822 10 229 78 3 0 19 8 33 490 0 1115 127 24 852 901 1468 127 44 2 281 275
365 365 56 991 235 271 132 197 70 95 386 0 1762 330 359 390 360 1367 565 88 73 6 1996 1342 1211 378 102 303
259 686 82 45 633 1 121 291 39 647 384 440 195 43 391 126 441 16 1083 13 225 141 43 8 386 552 230 474
35 5 163 822 21 51 1833 17 273 490 897 26 208 239 364 3 2033 247 1400 569 311 199 23 2960 160 83 2064 291
2019 958 230 474 434 29 871 205 1891 281 146 180 1126 2 129 803 452 763 371 366 3 111 50 47 177 543 1185 88
342 612 643 31 468 104 158 1452 75 32 1478 32 369 157 683 1239 424 319 20 401 2182 69 401 345 1845 116 6 824
818 285 346 656 37 3037 47 885 464 7 845 80 165 109 367 169 825 614 461 909 65 17 1477 1886 5 68 18 1647
13 1 897 1664 1070 116 214 9 1228 126 6 109 177 1298 35 21 446 3 34 242 141 70 148 978 240 258 324 514
3635 5 87 1565 0 31 2449 111 532 1184 110 41 462 927 875 103 491 562 514 0 153 1621 47 52 1810 0 121 83
35 21 331 367 1260 309 2387 346 291 87 946 362 35 400 337 413 348 386 552 336 23 1237 120 110 20 2121 2 754
2194 219 706 556 2161 1733 607 362 15 1 901 1565 141 3 477 465 9 109 7 43 571 250 0 791 86 6 871 34
2205 418 33 1 630 27 786 19 14 200 1496 49 310 474 30 144 2146 410 0 211 432 42 724 435 6 402 44 4
72 585 508 6 127 149 493 1566 658 1019 124 192 141 453 618 1386 108 358 702 34 147 35 258 718 152 221 55 75
53 159 256 648 6 1296 362 243 1338 471 252 384 2 25 49 113 808 8 84 0 389 88 130 83 68 900 1 74
305 98 140 36 0 2634 183 653 6 535 325 919 690 16 2174 3 617 464 26 217 0 224 1260 154 391 109 341 16
13 1 598 16 919 84 656 492 971 943 401 6 18 87 297 32 207 554 210 1 323 242 217 8 36 57 100 172
77 526 45 949 146 0 4 50 1 186 1464 558 735 118 29 626 125 236 9 80 749 57 509 197 14 313 104 1296
231 3 1207 102 643 1386 2699 618 650 32 70 0 296 596 11 3 63 173 5 56 5 151 207 78 3 6 78 508
1140 50 15 44 792 455 455 300 6 149 21 96 263 746 50 1 2255 1527 1351 445 1370 0 94 110 1145 240 84 180
318 179 15 151 43 20 47 34 51 2 11 0 192 83 21 508 407 119 117 147 41 1328 61 389 839 380 118 378
1271 589 128 34 213 12 906 339 110 83 62 23 202 34 263 809 190 158 344 18 910 356 5 173 254 8 221 110
5 916 275 12 78 3 184 66 934 321 1170 370 362 216 2694 469 727 144 334 62 179 96 614 3 217 97 824 159
748 302 1472 432 1049 21 621 2380 1332 873 120 276 878 68 1709 1 161 412 202 16 727 283 186 135 3713 34 1365 89
52 264 148 283 4 798 514 24 81 576 326 246 6 15 10 1 635 322 736 1826 637 1 878 919 1 51 1458 39
1660 54 91 701 602 168 178 110 147 1886 91 1668 1377 23 837 238 695 53 145 2838 673 519 138 947 304 68 404 731
259 211 1578 5 367 1626 668 231 3 2 406 68 29 386 303 9 221 745 313 0 139 108 40 87 6 295 2391 200
164 8 189 921 242 463 63 30 413 220 489 1024 1 380 277 691 186 16 2599 616 34 839 315 1213 3 72 23 338
1523 1966 1237 2288 115 775 236 133 452 812 14 50 41 715 89 349 617 81 50 1 149 20 1702 697 103 1099 13 44
122 66 449 1 304 196 357 390 167 1375 209 213 620 2982 1 74 353 64 629 380 552 233 98 472 432 871 492 145
1424 131 525 32 180 504 92 425 397 4 138 773 383 78 1404 401 768 309 654 3 430 49 1543 141 5 1516 336 434
739 11 111 43 0 94 282 73 149 35 73 240 20 28 842 480 1135 369 2645 134 114 388 108 145 21 785 785 88
1354 761 221 745 326 225 44 223 9 601 3 228 52 1359 1250 583 49 41 86 0 629 200 2614 2 135 328 506 8
231 17 1441 26 590 35 260 857 276 112 74 2009 98 292 1549 9 17 273 162 700 393 915 1282 588 1196 390 137 8
698 1059 1047 12 29 808 322 2962 293 520 482 731 451 37 750 1850 8 147 25 0 19 15 27 46 18 2702 521 2564
649 792 307 64 52 301 91 642 2592 313 3329 1024 309 344 658 4 44 46 295 122 359 598 139 26 573 19 377 369
136 23 107 1936 2428 763 100 1209 206 2 502 2372 6 200 10 350 62 100 292 6 11 131 32 586 196 42 126 1439
692 440 507 243 413 653 116 1193 436 388 38 531 265 68 1025 411 266 314 3 19 20 379 1267 57 834 225 334 255
35 44 48 9 1044 129 898 134 524 73 1830 1115 0 840 145 21 2950 181 669 0 31 465 139 44 217 903 2 1639
735 144 35 181 1477 370 521 61 420 298 294 1043 1043 338 50 393 22 25 652 719 1801 480 362 93 0 110 112 910
854 22 470 70 871 1351 598 549 236 862 27 15 747 106 149 24 1225 304 43 883 5 1070 2332 79 536 85 5 57
52 452 86 150 566 765 29 6 352 435 36 791 10 582 1923 610 26 369 1036 1036 1143 856 0 128 183 287 34 248
302 252 1 36 145 97 1001 237 154 376 4 546 634 1287 4214 15 1155 136 12 129 534 144 190 22 520 454 1239 2251
138 710 900 7 147 62 304 1510 43 870 7 8 460 141 42 150 338 304 73 3 208 1074 1929 970 249 6 13 1024
658 194 134 940 784 58 112 260 105 135 441 117 108 105 135 6 30 10 60 927 78 1462 411 1643 3 451 823 415
17 130 55 12 53 611 467 515 303 294 9 192 614 671 468 720 1420 141 16 245 1225 304 1830 74 1214 62 82 148
681 182 180 2558 1079 231 298 247 272 2460 204 109 91 59 622 13 1806 410 1699 5 9 236 393 57 5 826 123 153
1055 816 144 77 132 1040 1201 221 47 217 65 97 782 1922 342 467 81 577 94 282 1713 552 316 50 183 15 107 0
51 302 643 525 503 54 55 3 2879 252 1 149 21 237 515 950 102 626 907 891 205 413 313 549 236 1549 389 290
535 519 1621 1509 454 6 1114 715 871 1699 273 77 548 124 147 732 26 279 2671 93 2919 114 84 8 49 132 436 1073
559 23 92 6 2926 455 211 2372 1320 179 164 1104 1150 885 122 23 713 36 7 1679 330 159 941 42 160 635 229 608
784 942 1037 46 35 61 29 205 153 2558 210 68 19 172 653 54 1 193 20 19 115 534 23 119 515 972 0 24
204 166 2425 761 207 15 2531 761 236 1153 51 3 278 278 22 141 40 44 320 379 806 35 189 111 20 412 3 3287
86 48 563 243 394 681 40 245 842 11 160 9 1509 75 73 1912 51 491 370 161 1631 345 12 40 1927 662 6 1614
590 2369 244 36 326 201 1011 1005 82 682 411 131 528 92 688 1234 380 118 763 41 47 15 27 42 44 122 1653 175
68 18 55 83 909 175 751 829 1 778 808 94 282 8 0 107 148 1108 228 525 467 1310 1 457 80 1119 601 491
5 3 536 1534 379 1052 1052 747 2201 530 263 213 209 178 68 291 141 379 11 130 440 0 5 290 10 863 35 4
418 99 39 736 549 236 1895 374 385 1512 17 823 1482 1178 1118 150 70 821 394 395 51 643 4068 0 19 27 27 348
123 4378 1326 1074 53 11 44 113 41 92 1338 346 293 463 505 1963 4 603 411 28 470 1 1041 405 272 56 855 412
967 194 122 235 67 274 274 548 2 63 5 1295 40 326 1054 110 413 220 403 99 352 10 124 3 145 1287 205 381
347 1371 944 63 458 52 4 147 51 641 298 864 15 27 2 25 49 1155 927 35 164 990 31 55 211 146 162 44
89 1 110 263 2 1475 48 923 119 915 756 558 1 764 102 401 0 821 1523 3 443 2 1031 650 68 2 165 30
688 123 300 36 456 201 8 763 386 999 23 22 206 939 80 491 115 122 3 28 336 707 419 3 120 725 1219 672
217 1627 91 701 1772 873 36 486 273 51 279 1233 2518 358 165 38 104 887 4239 54 46 46 1288 15 13 815 521 115
315 80 92 644 326 914 2551 17 2076 1735 1 780 311 2418 126 89 102 9 632 646 141 43 430 562 51 577 450 416
946 160 1760 59 1002 777 1005 24 111 2399 172 1185 34 838 371 104 887 4239 480 282 665 665 23 446 1507 79 1370 496
967 77 120 216 343 725 82 2814 2814 1244 315 26 234 766 302 99 226 100 83 15 46 513 1819 237 1873 408 18 33
837 170 1029 38 653 41 358 2960 125 567 47 2 1067 182 27 129 14 291 436 1219 77 3 52 103 359 108 6 32
311 298 40 107 32 1670 476 2 45 254 273 92 2081 2223 160 1612 678 89 3 86 0 149 518 61 773 178 1687 327
173 119 587 5 50 87 313 1170 267 999 306 2319 490 10 92 834 20 430 371 37 570 525 1 294 9 126 7 672
310 164 272 61 651 535 39 95 31 78 164 40 32 1201 665 39 2273 7 34 291 70 687 10 69 126 115 23 311
33 735 60 5 11 21 1145 1866 224 1 183 38 201 1416 95 303 77 3 816 18 652 63 173 43 35 1215 15 352
919 690 280 109 367 385 1 1 88 775 13 399 62 33 60 5 44 9 21 116 263 31 1365 1023 6 178 17 12
104 887 61 0 178 87 225 17 12 41 97 99 184 345 239 1012 107 34 69 406 480 41 200 128 24 1190 403 160
129 169 107 1936 428 26 269 753 1153 1015 1550 107 676 366 240 352 23 1356 20 56 1 16 1581 793 58 199 23 1347
245 1626 6 2182 131 123 1501 174 18 39 18 1913 1 315 119 128 30 808 1712 68 26 72 302 0 269 34 43 1024
288 91 3551 59 68 150 805 1235 116 550 130 367 169 592 912 1 364 3 774 415 810 0 198 0 16 9 299 178
1278 66 118 56 186 100 844 1621 139 292 20 641 4 1533 982 322 65 82 1636 1227 159 307 354 2 949 656 1365 124
97 164 5 84 0 780 1201 812 966 1073 454 616 68 2702 42 14 43 235 63 14 757 1414 849 857 108 215 1550 459
164 5 147 861 3017 2801 0 20 557 1584 59 281 2372 16 802 654 148 652 827 586 102 33 13 223 121 20 9 126
524 79 162 237 276 630 128 147 190 0 1293 1132 767 113 80 4 24 40 200 481 557 124 1105 441 47 557 953 344
764 160 205 441 3 234 755 0 957 246 246 69 452 72 78 200 448 437 902 53 17 115 83 1 217 1063 786 675
225 1219 236 1338 0 741 395 91 36 242 22 32 120 759 454 514 1794 763 135 464 548 276 133 2110 66 481 526 68
1203 206 9 251 4 31 434 133 164 373 89 0 279 150 346 205 249 834 285 444 508 116 530 352 10 157 11 120
362 508 412 160 49 41 343 589 247 174 19 171 398 0 9 525 423 1057 145 217 868 117 1602 371 27 19 295 487
59 302 70 70 165 97 140 73 16 1655 349 72 157 90 47 1 90 61 1433 2437 91 701 689 113 1205 28 83 1
490 1 672 387 1347 155 549 236 115 319 34 67 4 423 136 9 2078 1717 31 113 428 331 1615 146 27 48 2341 2393
219 33 2 103 153 162 238 46 552 672 112 294 20 425 58 251 43 431 92 201 13 545 50 31 502 252 126 1873
88 66 684 2110 661 947 1919 672 325 259 382 41 82 47 24 15 882 1565 276 110 118 1154 440 421 12 1080 696 139
367 169 312 664 100 59 33 382 821 3 470 115 62 494 407 218 702 39 34 20 351 385 33 39 18 16 39 19
315 609 151 852 3091 17 123 1253 216 162 1385 515 224 125 87 469 356 29 851 20 89 451 9 943 401 532 432 223
846 1 1286 1394 358 82 102 37 387 1996 783 146 313 1983 820 85 15 27 769 120 68 0 272 247 18 107 1936 990
1093 2009 514 24 138 251 5 908 397 41 319 1 83 141 0 491 15 1 157 559 1140 34 213 1 74 58 162 442
2 2059 57 201 631 379 1290 140 149 21 320 139 429 201 737 315 20 689 2174 45 94 225 1356 36 2 4060 1007 0
68 398 89 3 1195 2233 314 543 590 846 59 506 6 560 2335 39 44 552 107 622 239 1416 0 20 70 647 59 233
1224 141 1204 1204 247 188 1 42 62 81 931 135 0 19 727 10 5 56 95 74 306 31 557 84 0 1494 6 13
362 124 2977 139 540 777 26 888 115 34 197 1457 248 582 1923 4 1462 462 11 594 179 180 1216 168 70 186 216 367
65 60 514 31 375 200 114 78 3 184 345 1246 479 30 30 144 1549 9 32 293 217 375 16 104 887 245 37 699
88 3 588 239 2 10 774 592 114 186 1231 7 892 746 19 161 294 1891 486 1417 661 3 880 430 433 639 1611 52
569 71 28 22 0 389 844 422 30 565 80 76 201 306 877 871 186 286 29 209 115 1964 425 34 263 104 708 286
90 173 159 616 43 5 418 49 1125 1142 59 229 1113 399 15 1 2009 691 2684 845 103 303 131 57 845 163 175 138
322 430 29 260 15 226 871 2 11 167 21 11 3 10 2 1639 1570 384 184 65 771 771 8 0 256 274 148 3107
1248 0 32 120 51 343 317 40 497 93 120 1335 247 290 890 47 14 1090 26 389 234 1102 21 454 351 163 657 22
1536 1536 300 244 768 472 212 11 594 412 113 1135 667 83 630 69 97 33 1894 136 1181 1604 7 1636 233 1780 11 323
967 27 1136 234 2 402 44 147 469 230 786 75 0 84 104 1089 365 365 798 0 44 200 4976 322 117 679 113 69
948 13 447 1471 1235 24 15 28 155 592 1181 915 58 1911 294 651 266 994 30 191 0 1001 2556 11 525 0 324 109
127 117 974 12 417 8 336 8 7 52 987 65 109 384 590 854 395 943 401 900 18 208 47 28 64 981 77 3
1959 112 292 6 465 9 417 48 613 70 719 70 983 339 221 47 23 837 120 162 362 52 50 207 247 112 167 3
52 735 49 63 210 69 399 801 1300 565 88 452 91 1044 26 761 1689 240 4113 2105 471 368 18 601 3 717 564 28
206 437 175 981 28 6 333 94 282 5 391 7 203 125 53 2062 908 2506 129 265 143 117 127 49 41 22 80 113
1824 8 4 380 648 1322 161 87 1268 56 1090 16 1318 55 25 2 1596 47 1801 99 1334 27 700 335 142 782 12 760
535 98 82 1079 88 4054 158 728 141 209 1207 401 192 405 40 59 154 280 541 313 43 532 397 1014 354 1146 12 1498
946 821 1960 36 21 700 1532 26 89 822 2643 1175 168 124 316 121 1267 1 68 676 235 341 313 0 408 153 414 366
248 163 89 54 8 76 9 1881 140 25 136 201 13 178 465 139 162 165 775 706 14 1014 220 300 36 46 2 243
174 69 3770 481 1787 3102 142 1185 0 316 19 2130 761 29 12 26 9 1370 152 135 390 33 1117 576 899 96 816 64
506 43 632 1758 0 3040 22 15 327 1335 50 356 1426 102 149 1 74 200 989 122 331 169 93 3 192 1880 1407 473
818 118 312 3199 939 939 680 680 261 658 45 0 94 122 45 517 81 250 610 216 318 112 427 649 211 1680 38 1251
3358 596 108 6 40 225 672 9 218 72 216 70 440 90 294 269 39 389 67 507 203 408 42 857 443 43 187 1248
1238 1161 384 2610 48 803 2219 371 153 1489 1113 0 64 48 99 672 20 401 687 502 8 61 310 35 1228 73 6 855
2278 61 228 52 141 109 611 252 384 4448 160 819 20 506 2 1238 471 57 1394 147 741 253 273 19 372 186 29 2641
570 1 62 212 316 500 401 246 1188 510 182 1498 1850 4 1224 108 6 501 1090 802 27 507 8 46 408 914 34 108
149 21 1170 130 248 1309 181 525 62 181 175 1503 117 1572 3803 88 255 356 144 190 678 761 514 269 242 57 526 1
137 0 621 8 42 1153 346 777 2871 10 326 110 168 77 1059 249 183 42 172 119 308 733 109 17 123 2369 84 1370
35 5 77 3 291 825 85 77 36 58 1547 2 330 397 90 173 596 73 272 51 48 35 3 199 22 2 301 301
341 89 75 471 145 174 486 273 100 1225 949 1414 229 1023 1374 47 1 385 20 11 19 1462 768 388 3 97 149 2
252 131 142 746 738 3616 130 563 1228 641 1237 306 534 2093 252 1213 85 476 247 197 25 96 44 198 1203 110 35 223
818 818 608 822 61 225 67 117 25 152 20 568 192 123 67 27 413 130 548 390 341 1678 131 70 1050 0 577 3037
967 180 1126 120 123 1595 240 90 14 880 135 300 8 1 1425 20 189 3 413 862 1709 91 859 78 400 59 687 1
1783 543 294 216 1127 23 358 1188 26 345 215 1117 207 288 1368 29 922 0 577 453 11 264 21 125 3 266 1082 235
3 1082 1611 735 588 209 672 561 975 1033 2106 11 360 11 65 476 91 26 76 37 133 117 504 34 343 10 335 571
429 2009 610 14 320 209 72 358 1188 7 281 39 243 241 236 247 806 71 105 60 444 0 579 45 499 4 113 636
518 371 3367 736 1977 180 1164 125 742 923 655 564 1912 70 471 102 87 161 9 563 81 73 6 297 153 229 414 2652
535 435 34 263 157 217 348 658 107 1118 838 247 13 178 855 110 4753 38 83 11 46 94 282 488 2795 387 151 440
15 46 1424 1101 991 27 440 476 142 52 46 41 605 423 265 415 378 13 256 806 1044 214 126 7 105 119 609 740
574 61 739 211 87 217 574 513 59 43 1350 13 122 501 0 1704 30 144 1666 1763 26 92 360 1250 43 23 786 909
227 1499 5 463 724 112 1044 602 191 1024 88 372 29 164 681 1742 301 148 1351 123 306 1911 44 199 495 211 9 111
362 119 31 304 619 328 631 792 89 99 4 185 868 221 114 802 654 7 114 9 239 23 608 608 24 1625 65 246
535 272 1144 444 169 800 1734 104 334 83 911 311 248 4448 1204 586 407 1037 127 195 165 769 237 63 173 293 118 378
147 1208 715 117 135 219 31 53 389 229 63 1911 833 235 148 104 986 1553 22 1398 111 43 297 153 211 589 2269 0
200 213 424 222 23 175 32 120 2 1423 323 102 232 290 126 111 165 28 12 82 104 577 104 986 8 457 1 97
166 143 2383 3 89 1274 2162 1320 311 1498 1850 131 64 14 465 139 96 799 180 1126 65 45 1582 180 122 32 110 9
16 361 464 5 10 262 1858 183 838 1336 10 838 89 1901 138 7 1033 2106 126 7 31 1534 392 328 12 41 861 948
1283 13 95 386 467 618 124 453 35 1 74 52 46 390 126 263 1457 14 554 2233 706 675 315 62 33 40 13 237
10 1125 1382 12 844 21 581 1035 210 18 40 14 346 756 553 107 8 384 484 91 2503 91 1108 91 91 637 110 333
33 144 79 38 2078 1717 873 9 325 254 119 2 209 67 1418 1735 115 138 8 3 555 1427 899 96 295 1707 343 148
662 225 15 1 29 228 174 461 834 4073 3210 354 1200 1200 1184 38 2 99 874 105 103 251 134 362 749 76 159 1123
387 215 166 59 773 229 2376 356 283 0 37 24 40 547 356 147 1574 112 308 1869 465 139 0 389 8 143 976 76
429 821 285 7 122 175 1032 117 25 55 384 725 24 15 534 517 1336 2203 430 157 25 5 182 272 130 88 23 828
194 963 2049 245 85 27 485 140 36 45 119 95 871 194 35 1759 728 279 1892 1 1014 2295 83 91 647 18 1025 296
630 127 364 24 518 67 321 148 2947 20 613 735 1 18 46 764 156 550 367 169 331 367 482 58 118 1146 65 670
48 132 7 455 0 718 400 265 112 1 1142 809 354 519 159 140 36 141 318 757 642 43 66 64 91 595 7 281
1200 1200 239 208 217 1861 78 167 28 0 69 593 1336 1154 23 1209 30 23 2988 36 199 502 803 140 54 923 80 575
591 1 2595 70 31 163 11 1235 180 582 82 188 1 376 80 34 286 18 385 1 34 2297 230 786 757 69 1114 4
205 263 112 984 479 4 1268 1253 268 30 144 893 1025 139 0 157 799 726 888 112 283 817 1109 3 1082 1400 120 424
27 586 126 7 1154 336 28 83 332 134 54 881 5 134 362 821 246 6 1623 1 1032 1363 1193 42 207 470 178 649
113 2030 71 1422 169 159 236 1390 0 605 1312 943 225 82 273 468 231 3 66 435 228 1850 50 66 1971 40 393 1110
104 295 1017 46 92 4815 49 63 373 11 845 1249 900 1707 7 872 413 63 234 1135 465 0 587 2113 761 642 162 95
5 42 50 401 842 1557 236 223 19 514 62 63 273 79 52 1239 0 54 727 143 462 102 16 300 150 229 20 425
84 5 4 557 398 932 11 3 93 252 131 77 3 580 88 496 188 1 162 505 1989 1043 1043 1551 114 116 452 41
2064 17 1005 334 642 247 2078 1717 1794 1174 519 540 777 897 1579 1184 39 6 16 18 297 163 80 770 60 1113 216 2768
602 1603 30 559 342 429 90 63 221 157 223 83 1705 53 1725 745 223 1124 15 297 139 2 2583 69 148 1351 25 500
818 652 119 609 352 324 55 2067 1310 96 200 3 184 202 2 7 147 165 1367 73 654 217 398 90 1 2 823 752
967 180 112 36 63 173 240 1265 4 1404 624 2 44 663 318 251 127 13 759 40 376 346 777 463 335 691 1210 9
175 27 210 1076 52 502 5 360 182 42 1046 256 310 310 2906 176 87 9 2203 1793 1035 210 7 2990 1201 591 147 233
997 1 373 56 23 201 594 103 349 1146 398 0 656 1365 1813 933 108 30 9 1053 387 73 16 242 126 564 591 114
691 435 15 1 261 2 259 480 1019 129 35 461 2034 986 24 932 171 5 134 336 100 147 35 823 131 76 656 479
2 51 388 126 7 434 500 208 181 141 27 306 311 425 223 131 194 3 93 541 97 5 44 262 209 413 332 50
11 226 35 23 328 155 71 195 23 20 43 584 538 208 23 276 48 14 223 321 202 16 355 639 967 30 10 1048
837 0 182 653 110 150 62 223 1 110 62 137 206 759 3712 513 1272 83 30 400 928 101 1477 1559 61 319 1062 93
525 2085 193 21 589 80 352 45 249 817 18 141 741 49 10 985 21 206 17 820 394 955 154 365 108 1118 207 78
1762 194 314 474 823 49 192 111 205 1213 4 34 38 1629 122 922 81 30 9 1224 1218 110 1264 141 235 1449 942 174
698 9 3565 89 1069 64 12 537 246 201 371 733 7 24 124 524 176 36 80 1365 1958 346 652 2 247 221 120 62
524 18 127 13 1644 389 701 360 1231 409 196 885 13 0 650 70 90 2776 399 166 92 0 937 560 1 451 9 599
1471 697 1093 777 155 1203 224 34 1365 307 664 2 132 844 0 524 974 12 2 255 1027 2 51 2 11 3 80 247
28 6 5 12 829 487 319 158 726 635 30 1462 972 728 92 124 666 64 72 71 536 832 159 510 182 854 1012 915
446 185 93 2408 555 186 1110 255 1415 293 23 368 1190 48 303 103 385 1 820 85 97 860 519 595 1783 8 46 727
259 371 822 210 742 35 73 5 200 1015 50 1 188 1 113 496 531 29 38 88 28 514 139 612 171 400 5 369
137 21 206 17 0 322 13 95 324 18 50 1794 202 388 197 888 244 776 0 19 11 108 464 554 2233 347 1849 1054
135 1819 1448 1383 662 21 260 0 198 53 611 26 443 13 2343 39 31 415 4 12 141 226 147 128 1353 408 311 183
812 272 42 797 738 246 0 152 235 29 136 281 92 200 1042 221 80 26 24 525 281 432 98 115 76 105 132 506
578 16 14 7 9 124 39 14 1119 512 119 373 21 107 293 217 2614 609 229 372 1614 77 905 316 139 320 247 598
687 218 289 134 394 895 392 34 165 2 223 876 189 41 209 61 277 268 2588 3146 106 1339 8 252 384 287 33 9
291 831 367 210 196 1058 118 3937 18 1941 1567 98 2 63 143 409 112 25 255 881 11 312 1108 174 994 1623 947 914
1584 742 286 92 154 26 621 84 41 18 101 838 323 36 2 714 540 777 226 361 139 1638 472 598 144 62 1457 106
535 31 55 131 518 263 342 413 617 76 839 19 24 611 1457 20 127 13 76 492 2002 462 121 465 139 46 311 33
3 291 240 47 3160 502 82 297 153 104 887 1435 298 201 3 105 2269 58 3 13 135 0 27 807 36 247 852 724
78 548 1877 545 1901 26 827 11 557 0 76 458 181 1077 2 99 900 18 197 8 191 42 129 143 1302 0 35 113
630 127 643 53 68 248 2413 142 0 389 117 26 624 97 134 289 12 88 498 366 706 366 8 197 571 1833 1496 9
3770 750 363 34 152 20 127 74 129 416 424 188 149 735 3 105 132 655 197 821 80 86 7 993 2527 77 3 55
52 14 14 189 682 262 760 132 7 1996 783 1880 1466 61 6 157 149 74 97 1664 36 95 303 270 701 111 571 100
78 5 78 3 389 626 10 29 490 302 242 278 940 95 0 10 122 667 6 220 710 213 90 22 2 267 55 407
755 432 84 760 639 1126 138 60 246 352 149 0 19 83 322 315 108 1031 41 1432 41 4 113 0 107 8 313 184
160 487 1300 675 790 53 91 312 36 444 1108 792 65 922 698 139 272 50 30 4 46 152 791 134 210 170 22 348
2405 302 341 21 39 70 1908 50 59 76 500 29 198 462 27 26 846 970 283 105 1323 735 350 94 533 30 144 689
289 10 2064 367 8 50 5 21 8 3 842 131 222 305 166 1 457 53 17 74 900 18 35 11 437 262 881 17
2557 3 141 782 336 167 120 91 339 72 966 255 1817 1201 96 1810 51 84 71 156 7 376 6 111 37 108 6 655
698 5 126 27 908 192 1236 233 98 80 19 57 408 41 52 149 680 680 384 26 112 797 113 1138 12 196 59 84
833 10 738 1126 86 102 20 78 289 169 1089 561 1170 1069 59 352 0 157 2516 110 35 141 366 88 208 2057 1815 60
10 450 8 22 0 121 25 498 18 3113 1761 871 881 36 229 18 1136 777 757 896 681 119 609 12 115 83 40 44
145 1559 32 120 0 389 275 4 675 612 248 19 1048 113 2190 136 1256 363 370 613 5 110 351 200 3 189 1208 460
537 6 2 99 1601 574 14 19 636 207 5 736 371 889 163 1 838 20 303 4 401 388 108 58 440 14 34 1365
2 99 302 1802 1 335 352 40 98 314 466 48 341 1578 134 49 458 345 30 144 530 37 205 1169 331 152 897 1023
304 373 138 56 140 36 57 508 118 20 248 1275 118 1191 1664 193 949 398 2 1639 58 1110 310 2906 74 306 1911 80
698 1675 209 567 211 697 1112 207 480 292 1176 1636 44 736 158 512 467 166 111 9 233 408 121 352 624 467 166 50
1111 59 6 143 602 1603 118 754 66 2045 59 966 638 442 1000 250 544 316 461 18 57 3667 288 1368 566 453 1088 8
518 594 1003 10 272 17 28 320 1267 239 23 105 35 1343 79 43 207 205 284 7 1887 284 180 40 7 7 123 382
967 169 5 5 795 262 48 698 1002 320 18 124 34 324 0 107 161 1944 259 15 46 102 324 708 20 367 356 32
252 126 7 114 2599 28 1358 74 65 201 1009 530 1209 1138 1264 137 22 277 106 584 22 23 70 33 36 242 448 88
174 278 886 88 388 256 1903 25 1447 659 2 1643 678 233 100 1447 10 589 1895 78 9 391 104 356 638 334 53 591
22 5 151 106 214 1510 696 145 2662 28 47 1857 830 476 18 19 212 354 121 225 234 67 36 208 2189 1604 576 18
646 1126 195 129 446 1 74 55 115 37 547 356 136 97 2745 819 80 308 1869 31 183 383 973 282 684 4273 1236 325
418 205 1 83 96 135 150 4 1589 63 1639 578 368 6 178 406 427 64 1400 569 100 1020 117 40 16 59 6 49
104 28 331 17 55 379 49 79 2 204 536 8 61 0 94 656 13 392 1949 134 3393 58 77 167 120 465 139 20
591 511 14 189 413 223 1127 7 660 146 341 24 1625 872 17 121 28 1360 120 1133 721 87 128 83 873 370 18 166
77 426 435 303 5 325 371 277 276 137 84 379 415 234 0 66 60 273 565 4 2003 5 84 548 37 5 84 84
608 1 0 43 453 883 1 848 806 724 2114 272 384 708 286 425 35 400 456 298 91 701 144 549 2022 3787 966 435
429 2009 1180 1 0 413 13 15 407 162 70 498 492 1270 378 84 4 932 154 6 296 48 62 377 13 63 438 653
77 1350 215 5 775 535 234 43 701 174 1 630 223 394 3 320 0 440 1146 29 476 2 830 0 157 32 120 1335
297 400 78 134 498 18 236 1338 35 174 946 1419 392 111 1891 3 1572 28 164 56 109 754 201 669 81 2321 1783 806
217 1641 227 347 70 1312 1001 131 824 10 49 63 0 11 247 1687 280 1961 87 200 607 25 517 9 812 942 304 320
284 120 24 142 180 1208 1372 7 110 452 145 77 134 30 24 82 80 839 688 234 7 147 247 703 176 223 16 218
14 291 67 6 16 1199 178 687 51 236 244 9 110 19 149 21 595 14 104 1690 75 422 30 76 721 156 346 2115
195 71 164 1734 180 831 792 621 667 660 826 1983 239 733 861 44 354 1028 76 878 95 150 604 2 2583 1471 1519 332
185 12 170 1576 1471 140 267 209 446 152 20 4401 114 94 676 592 143 67 5 84 184 239 125 159 1123 1534 239 286
1278 1100 7 1440 103 1322 97 179 661 890 81 95 324 1177 15 0 345 504 165 679 253 987 1439 7 668 1903 455 1
15 10 31 237 541 51 28 28 6 414 202 86 6 82 80 150 1405 653 480 11 46 316 19 4119 366 153 13 648
199 5 96 1505 453 183 216 413 141 133 163 1154 10 251 34 263 1118 492 9 426 44 861 23 1816 160 291 220 247
949 358 10 53 1906 151 128 46 0 386 155 635 151 80 197 388 22 66 4 241 96 491 184 178 830 256 61 1250
78 167 715 330 1478 1478 60 526 5 53 916 40 3 150 13 43 400 614 100 21 411 166 343 857 43 42 479 638
33 12 38 10 1006 1490 166 103 500 72 2067 1601 1880 2448 156 1510 9 103 664 5 283 31 1288 115 62 4 1558 125
1377 33 1354 496 4269 466 1216 1494 39 30 144 444 123 485 1866 846 160 190 141 329 1931 697 632 157 16 48 120 11
432 67 296 1496 2708 1536 129 297 45 125 2 166 79 17 123 128 359 7 91 1125 22 131 119 609 1069 307 329 680
362 497 29 29 2248 313 230 786 58 20 470 661 138 31 1190 129 1208 64 39 242 42 81 1572 3803 1399 893 227 41
195 6 258 7 2 411 360 14 1384 1872 384 205 134 3 682 181 713 7 44 31 12 1655 81 42 11 1735 174 4229
535 1135 49 359 834 435 13 1092 707 73 1231 166 20 225 117 25 8 147 1440 32 745 791 162 996 374 988 737 476
146 77 478 2652 10 85 1 6 660 174 36 86 182 889 1597 1123 724 1009 148 206 94 291 68 252 384 109 99 4
32 124 605 130 170 1817 778 110 216 655 136 18 1052 205 846 160 885 105 26 587 557 96 475 483 1001 3 564 313
39 43 128 112 0 21 1850 34 237 9 1559 3743 159 1123 3 23 2 11 172 98 168 677 9 483 1001 233 0 92
231 0 1842 589 1714 1271 348 180 785 596 23 1296 118 918 93 303 2011 203 346 1697 510 346 199 642 295 617 397 440
421 138 86 6 23 2873 209 507 35 336 136 1 68 18 104 887 4239 20 1023 158 70 330 1471 85 35 2236 370 83
3016 74 9 131 23 1103 1103 472 1479 44 1025 682 34 263 1154 28 184 65 453 40 243 108 309 0 92 14 764 38
344 41 6 13 40 126 593 123 0 4801 838 44 48 62 108 40 9 148 534 1 99 38 1382 260 50 737 8 0
254 11 3 23 1512 57 167 134 256 83 1 147 749 727 51 1173 656 643 462 418 205 283 614 34 510 28 55 13
362 398 389 788 467 586 706 68 19 612 464 2 306 301 301 301 4 401 207 1133 52 950 719 864 505 915 117 2559
33 490 95 390 141 3 475 2 477 292 211 53 200 224 165 732 53 36 2027 1471 33 386 18 7 114 378 42 427
171 400 8 22 15 44 46 66 9 163 2333 524 1255 159 320 229 104 1690 3 2575 418 1833 1987 29 272 0 443 433
245 1579 63 221 4 188 9 1127 285 10 43 127 120 24 1600 631 619 538 358 235 138 358 8 1549 68 255 466 1259
305 98 1024 3 1778 1574 1106 2163 2375 87 27 214 333 96 0 149 518 263 352 23 2127 244 715 95 324 2102 1509 394
37 1292 1215 846 852 27 73 4 54 1687 176 451 9 525 14 541 110 9 86 467 132 696 350 201 1617 40 986 78
231 459 63 173 37 507 203 237 171 13 150 435 330 518 397 110 552 524 1126 45 231 384 576 1035 1386 2039 252 880
878 46 269 282 20 351 33 1709 366 422 30 1872 102 202 192 655 207 38 39 107 29 500 1015 31 260 0 729 326
687 435 0 579 113 1025 139 42 322 630 844 68 740 884 181 400 0 824 1 406 1 622 2072 149 32 911 70 1814
253 130 144 217 1621 52 1380 1124 852 1489 38 11 480 102 537 246 587 224 111 42 347 84 463 95 512 14 31 873
2 13 217 297 304 164 156 593 123 817 975 874 222 1075 521 2518 358 2059 2 563 817 789 64 63 273 63 173 116
27 101 83 2572 637 405 610 1132 1020 957 109 7 164 0 401 80 165 30 6 283 563 507 35 400 81 440 105 748
967 179 1913 166 327 1354 8 22 275 354 2670 136 1035 1119 547 356 1744 606 442 24 15 1132 327 291 1439 706 260 36
259 1559 48 694 815 1060 78 38 368 305 273 32 120 275 1333 18 91 12 131 0 157 806 82 478 1301 884 35 400
89 342 15 44 443 133 117 678 1479 216 1912 35 358 1506 959 37 1699 142 1003 5 215 5 12 201 188 178 643 31
391 156 595 10 388 28 728 234 1492 147 749 1132 41 394 2601 1178 47 89 359 38 39 398 291 656 674 2 25 53
93 893 163 50 52 871 55 696 113 52 987 63 173 85 11 203 692 120 10 247 514 4 241 24 826 3005 17 278
967 169 797 1791 11 247 429 657 487 0 19 8 191 1195 625 65 1165 378 863 758 6 40 16 83 82 247 247 300
939 939 2 279 77 246 0 1019 864 510 182 207 4 121 11 3 104 986 202 372 2231 73 482 889 1278 7 13 141
755 646 1063 180 1151 118 754 81 1283 237 1969 714 215 1804 314 466 427 536 911 891 56 95 18 11 56 571 201 1218
1658 1658 406 2714 93 14 325 94 92 630 24 9 40 435 1090 518 2325 380 94 0 306 85 284 149 74 1907 1565 141
86 0 837 609 689 1464 1379 176 43 106 37 167 466 38 103 1257 15 1 1014 2295 68 473 764 834 1182 278 312 321
145 821 314 466 0 780 29 844 224 394 571 18 39 121 346 291 201 1496 1023 591 7 1052 1188 1026 20 828 249 354
35 391 757 965 633 42 1123 354 18 189 273 714 15 27 16 1403 203 156 196 109 1185 0 659 193 239 1005 304 164
1271 339 589 3026 541 85 428 17 36 820 85 1387 111 43 545 59 48 1453 2123 742 225 858 617 125 198 29 687 51
698 693 35 73 3 131 560 50 14 255 1233 183 121 889 521 1379 118 754 12 74 2 165 15 14 185 1430 1742 32
606 606 606 606 606 606 606 1121 246 2711 298 2127 426 6 42 401 9 38 397 664 59 660 113 1424 17 631 631 310
408 41 8 3 1367 22 332 728 122 47 23 760 301 11 525 169 1597 1123 178 957 38 24 5 555 130 136 97 592
65 380 1575 438 390 137 358 23 1835 116 1184 910 596 273 11 21 97 782 25 244 0 368 290 305 483 410 635 8
227 112 574 1763 11 44 2269 457 1 95 18 9 24 7 18 141 92 473 15 10 1373 15 14 178 18 601 3 742
3 826 47 3 539 123 159 127 14 26 313 53 367 50 1249 900 863 787 980 3037 20 1573 99 0 598 223 124 5
681 98 30 144 378 2 543 32 93 367 169 132 126 47 358 1188 183 1365 176 7 125 780 82 523 6 63 173 2984
707 566 825 192 2 22 12 402 402 0 19 305 1493 189 100 99 677 21 39 389 9 35 3 439 23 405 0 1833
35 22 126 5 1102 857 2024 47 1882 725 237 709 56 15 183 813 928 6 2038 852 194 122 18 152 16 198 139 3324
235 768 386 604 201 63 149 365 365 648 596 2082 117 944 46 218 108 377 326 116 1036 40 16 802 126 2526 1099 1030
35 318 355 246 49 171 8 847 295 1597 1123 1031 963 539 592 39 1565 415 4 513 741 90 149 68 150 333 322 1373
11 1 149 21 206 321 879 591 233 198 1338 1989 35 180 129 1758 778 174 3402 41 245 267 10 476 715 1386 240 12
73 6 112 192 1129 548 2 5 45 88 88 1303 208 211 52 416 32 120 1233 369 671 1221 1655 220 114 597 1180 180
28 1367 1104 958 147 1534 368 1282 47 1301 480 43 479 11 207 247 137 546 628 0 214 201 1009 209 15 944 1636 472
1726 2110 502 124 1547 664 790 174 1 44 0 249 122 1323 735 915 356 331 367 169 18 9 114 36 65 153 13 37
517 596 108 6 43 174 917 326 0 152 31 171 173 3635 73 228 41 1971 931 1451 153 844 224 40 469 783 1758 35
14 45 485 126 95 1320 321 1242 2354 770 1401 44 44 764 344 150 57 69 109 91 1230 3030 85 871 144 83 618 434
808 181 1545 23 316 32 72 0 16 179 594 375 2186 47 2 51 178 1400 569 422 42 1249 19 323 64 40 265 544
721 234 1835 2144 493 139 0 58 11 34 756 1242 2354 75 139 1 165 500 940 940 0 237 1327 155 570 551 717 60
33 337 1512 90 5 448 231 54 64 45 1049 63 173 48 680 680 92 322 639 1611 123 316 324 2561 127 354 232 1190
66 16 1090 17 69 392 748 3 208 901 66 8 63 173 110 583 150 1 43 147 425 30 10 571 239 61 345 169
524 207 128 888 1432 1486 412 1230 1499 101 648 3687 6 212 370 70 344 1108 13 178 3 93 38 80 250 42 10 9
967 313 713 36 1014 2295 139 402 211 1526 1196 96 50 215 225 25 689 2174 7 24 1625 40 70 58 1733 107 119 235
344 53 17 12 51 104 530 1778 93 50 146 198 25 46 406 600 5 253 147 2344 485 944 117 128 1440 342 847 50
1161 933 727 1615 1350 217 482 13 575 117 1269 3 184 1029 62 33 403 217 1694 245 465 9 908 9 18 2 43 240
678 502 1913 266 75 1833 2 74 521 1014 2 55 3 185 830 347 15 573 149 21 42 148 297 444 806 120 71 76
149 21 91 471 5 1287 447 93 50 507 722 1753 110 363 451 9 376 6 95 724 219 20 16 478 986 915 411 88
85 38 1524 657 66 69 357 25 463 0 579 2 177 30 336 28 101 1534 470 208 116 209 27 284 208 120 20 1023
2 883 1065 2643 32 1300 122 132 227 32 397 1124 1882 47 202 9 501 792 117 1494 114 88 679 79 403 872 569 19
362 218 102 19 1341 928 29 1265 37 635 381 426 761 26 386 592 11 513 1405 54 940 35 217 879 891 664 596 183
259 709 1664 36 443 21 213 45 70 3171 59 434 176 517 254 1031 581 51 103 117 35 130 209 4 3 278 1934 414
52 815 461 108 40 1534 333 561 975 101 1027 736 333 34 1365 345 494 998 12 49 36 1032 809 788 219 207 157 109
11 18 2284 70 44 226 1169 1132 49 90 82 1587 16 960 5 220 47 177 796 796 638 712 0 1038 86 141 187 1995
559 131 414 719 22 26 250 132 401 335 232 233 246 70 1777 44 44 46 92 11 103 88 102 3 32 69 40 148
1278 415 2794 159 85 27 404 1161 3 105 909 361 65 27 558 64 91 341 51 231 1298 642 20 144 117 61 108 40
833 681 21 785 3293 149 21 507 1049 96 650 1833 12 43 251 502 49 63 376 2 590 353 113 9 13 424 468 54
1536 1536 214 130 173 939 680 15 1 1405 1562 3900 1177 30 2137 23 1256 143 16 812 225 1712 68 532 3 98 23 141
226 959 672 211 517 2128 233 357 392 66 339 96 280 4 168 207 108 377 35 35 671 407 198 215 1534 21 13 10
81 21 137 120 52 177 4 3683 74 51 276 144 71 69 59 148 96 624 700 14 558 1514 39 108 464 944 203 119
10 417 111 121 895 398 935 65 135 59 1399 129 898 45 23 749 12 47 120 155 52 33 13 487 81 24 1170 248
2231 370 323 726 1390 388 1085 530 356 29 345 255 1572 3803 151 834 109 384 1689 93 69 2946 761 119 609 111 1891 70
2 285 261 112 0 1753 55 390 23 806 35 396 555 504 558 81 180 543 670 733 65 152 324 95 126 677 209 3548
2141 10 421 12 254 199 113 2117 1970 62 462 301 11 541 565 118 627 119 532 384 430 77 584 252 7 1918 648 546
967 123 532 664 1778 1574 176 592 400 63 173 90 63 75 226 155 435 6 86 31 60 84 782 675 33 10 418 36
362 146 77 3 1794 1523 65 0 538 140 123 132 197 1418 199 428 459 1800 702 189 289 3062 372 6 506 1178 51 45
96 520 1122 466 1337 376 150 1018 331 44 149 603 44 546 514 16 2076 148 10 704 337 58 40 487 33 124 85 572
725 69 1085 273 37 145 230 786 1078 1548 45 559 831 168 6 11 21 1282 149 21 40 44 4 27 124 326 6 797
166 20 237 1 2 502 672 70 62 41 165 37 39 276 597 1180 3 1089 0 19 287 0 541 769 280 292 217 41
2 343 107 1936 274 288 1368 2 210 83 477 186 3049 159 249 834 671 146 621 2380 65 189 3 58 415 1367 483 1001
51 84 137 786 303 81 2387 735 329 2 210 50 81 287 1384 139 874 222 202 31 63 173 483 1001 435 107 1371 193
145 23 5 83 196 662 86 5 840 148 1351 60 584 538 975 1561 52 164 865 47 296 438 90 63 14 11 21 300
1531 56 95 30 4 7 1439 175 310 11 594 23 1294 76 614 108 171 305 1473 337 225 553 1 0 1053 596 981 5
0 729 5 54 151 736 2233 2341 2393 201 1919 396 11 3 1 20 347 1343 752 247 46 97 134 52 987 154 78 3
1011 981 722 134 293 23 441 992 1426 13 43 51 3 1457 235 505 13 119 32 1142 106 68 1145 186 16 8 3 793
149 21 36 3 1178 173 431 1 27 249 214 1 322 340 435 141 5 74 538 2656 36 81 225 73 3 1105 1277 1036
78 5 1143 856 0 354 36 311 16 806 117 783 1639 544 1541 222 51 1458 1045 2506 302 313 36 1595 686 26 72 413
777 513 95 30 467 618 1974 1295 9 267 195 124 22 1288 96 295 1350 6 1479 1406 3549 2 10 8 6 103 650 50
3 1104 91 2114 616 2707 50 1 2447 276 70 451 9 136 281 39 197 888 2768 2237 380 118 1623 650 33 67 35 217
167 192 346 14 1205 136 609 333 43 228 23 108 6 456 2 109 2 636 323 6 1174 1356 157 87 74 15 27 107
169 488 924 1476 398 2245 211 158 782 123 34 263 136 281 6 420 37 106 584 382 406 297 75 98 129 35 158 45
204 406 2814 2814 1014 2295 139 588 139 361 1008 180 214 55 78 3 26 504 109 563 48 163 21 849 1 19 62 98
435 10 314 25 307 369 464 5 52 201 13 79 54 1405 242 77 3 109 367 2 549 236 66 28 0 19 1010 472
698 85 1863 275 310 310 2906 43 5 13 9 47 120 531 27 62 73 2168 27 107 60 163 68 389 1105 45 120 0
1467 7 114 474 361 4 950 364 3 70 650 32 518 686 83 74 876 114 177 866 3 757 450 72 101 1242 1242 51
396 940 1524 591 35 8 33 971 81 39 198 102 2226 11 400 626 10 139 228 23 459 1267 523 141 196 221 65 328
171 305 12 1543 671 1260 438 1 74 88 217 1542 50 950 94 282 49 10 1540 89 27 184 28 553 3 105 0 139
113 57 57 163 49 90 173 41 209 4 227 456 586 38 1136 2388 944 246 107 1936 227 3 1565 187 134 54 86 1228
919 690 304 1524 55 124 487 61 178 117 231 1 456 475 1406 118 100 88 805 112 782 97 99 14 681 36 197 821
270 3 0 685 0 80 404 107 853 126 7 9 609 2045 41 143 107 218 472 1 1182 27 131 862 348 190 3040 882
35 400 497 446 49 63 1819 320 139 140 123 371 367 34 108 40 0 387 33 229 79 249 107 366 1133 489 35 224
553 3 4 226 947 12 74 444 1108 79 56 149 1099 509 737 48 10 43 69 1701 223 525 31 465 94 1131 992 266
660 2 3 208 228 521 288 266 221 1096 155 627 45 640 519 141 37 39 205 839 157 367 1170 312 341 4 932 1
47 340 76 749 47 705 1329 2 60 619 538 1079 536 159 91 859 1047 1083 44 637 149 155 5 122 18 231 3 215
368 18 284 1035 223 370 365 31 1201 148 1351 26 71 221 149 74 228 1895 230 786 75 20 1615 691 149 110 1100 695
169 61 1036 2916 128 344 9 595 343 72 220 8 234 303 97 593 390 136 25 1496 48 492 88 0 19 99 1810 586
138 89 8 82 2 2 114 43 164 1684 1687 400 382 36 240 44 44 46 44 122 45 2135 1036 3078 217 1461 31 835
166 1023 442 240 622 724 1618 839 119 812 187 41 610 3 40 617 42 81 689 2174 183 316 146 346 777 212 3 302
2 14 1104 217 192 614 254 1116 4 330 423 692 207 49 210 383 375 704 623 1598 11 20 129 1 31 1025 596 116
3 1367 93 284 871 104 5 677 303 55 3 26 313 246 143 848 85 1982 34 152 9 2 99 14 165 359 29 1239
235 36 344 524 129 680 680 95 369 120 786 568 247 229 5 837 2662 35 34 213 83 42 453 115 212 3 489 260
313 656 72 51 467 1109 89 228 6 32 88 1151 126 126 1255 204 922 159 147 35 23 621 2380 627 873 1146 70 329
213 113 246 12 52 164 57 1384 98 801 1863 89 253 44 76 303 70 1 19 2245 62 667 992 2 89 548 161 227
474 576 5 48 22 131 75 877 28 329 487 2117 1970 26 740 15 890 216 486 697 17 432 1720 1631 83 24 62 709
446 177 358 181 798 52 29 1163 119 1943 2225 37 5 134 1518 3 87 81 2069 1012 1114 108 6 5 981 49 63 173
57 5 4 1734 873 873 428 1561 17 147 175 40 464 243 9 1135 34 263 280 1579 94 149 598 518 1944 486 1417 561
645 619 55 23 68 162 2009 271 2106 270 337 909 0 19 15 14 1271 271 4 3 23 714 64 40 464 656 1365 160
388 341 80 108 208 370 1739 1180 949 88 22 764 150 70 1203 141 438 2333 331 357 196 371 225 2 1125 49 90 271
925 400 171 305 90 534 1875 56 483 1001 26 524 6 249 248 693 35 219 20 819 0 389 350 112 2448 279 1463 2
2 3 536 11 91 2030 556 975 426 283 406 241 17 834 178 827 373 49 63 1015 1275 1407 802 43 34 263 107 1936
25 6 960 161 903 1345 1708 275 156 177 278 5 131 189 12 60 749 1019 15 1 693 105 125 493 3 2662 840 30
165 522 646 246 42 217 2574 24 1457 225 606 606 606 606 606 2 247 243 1 174 3 454 11 525 897 102 1172 0
485 5 184 182 35 55 3 130 119 51 64 1035 210 199 492 905 41 217 41 107 1290 1022 54 161 2002 86 81 127
818 818 78 3 857 69 7 2 144 413 81 141 259 39 152 282 284 156 92 161 398 670 58 2092 47 332 110 65
429 2009 14 14 1713 10 43 77 103 1880 31 540 777 1549 68 128 30 144 415 18 580 8 1329 1431 170 900 366 1113
413 21 762 1302 43 1373 1701 1996 783 5 54 188 1 610 127 292 1447 62 5 12 46 712 103 447 426 106 40 726
327 1248 128 538 417 585 494 998 145 405 440 694 163 260 2042 162 249 135 116 6 1 322 113 132 221 284 1895 474
1546 108 192 205 128 94 229 141 597 1180 949 307 544 1 514 16 727 12 384 2 502 249 447 141 408 265 42 99
322 65 1286 311 900 12 6 170 106 1 74 1943 2225 2085 454 1308 341 841 17 12 651 398 84 179 175 26 143 293
306 226 1126 120 196 763 785 5 62 3 23 1103 1103 38 961 0 119 211 1025 139 319 81 1 747 101 205 839 49
21 131 467 644 2 2 734 219 567 1138 324 868 221 47 591 7 1146 398 1729 137 21 9 574 1498 1850 106 6 40
488 55 0 446 281 978 260 0 1283 237 1 0 69 19 96 135 87 39 340 15 46 207 36 551 600 175 12 6
180 1490 840 572 1936 2032 166 944 115 10 395 720 120 45 178 190 1735 1418 343 215 1490 76 41 610 1090 812 974 244
468 89 3 61 247 40 9 221 632 68 157 513 143 41 1327 1157 126 311 588 1244 52 1630 110 44 247 144 11 216
718 400 2 274 197 67 313 502 341 86 225 2314 358 669 318 23 514 121 1081 416 161 96 87 4070 91 43 1787 141
156 432 308 57 9 1081 79 751 3 184 182 764 531 103 1425 303 48 1298 49 1115 7 510 182 334 29 293 541 97
231 6 152 16 2306 883 333 798 64 4066 513 774 537 266 706 216 766 970 702 1403 86 54 155 122 47 4 1 2
1824 44 1073 72 4270 27 47 1313 42 0 401 40 455 20 986 4 188 1 165 12 80 248 670 122 123 41 963 32
694 167 73 3 292 90 179 11 71 679 292 79 536 1178 393 349 2109 3164 102 322 145 140 24 688 99 149 21 376
967 88 367 245 52 502 600 1052 1052 65 136 396 499 9 398 750 278 1896 11 45 51 618 2 883 2604 251 139 2744
0 67 507 210 413 552 608 476 468 728 184 0 524 610 94 533 223 321 1 2 1354 357 854 1585 1585 97 12 93
1480 29 172 1390 286 190 101 96 653 1501 167 95 16 82 68 157 200 3 23 857 37 231 119 598 96 879 87 1
0 192 174 113 564 1125 1125 12 1543 288 204 557 1734 146 41 1062 393 393 1614 80 419 15 282 86 1833 97 35 3
0 182 73 3 209 225 176 684 2110 799 37 51 3 1012 710 612 507 2531 517 941 482 1087 3 184 100 81 158 1065
1546 500 236 1338 2 131 1296 1174 1132 2255 440 375 89 404 108 6 95 164 48 1588 36 2 11 53 10 1702 745 303
35 426 76 330 316 610 3 122 310 447 273 623 177 693 457 280 537 318 10 343 186 1639 485 42 11 192 18 390
559 342 2774 826 826 175 339 68 1 168 58 434 143 409 20 16 72 144 228 576 927 378 318 169 357 171 681 36
460 169 8 12 294 953 4 425 2 177 946 51 198 214 281 1804 253 398 0 31 128 94 879 367 169 19 438 171
73 867 213 24 11 202 1312 143 311 102 371 92 118 838 1833 34 8 221 13 624 999 640 43 1745 217 486 432 295
327 513 1548 1548 2 1349 201 438 355 658 113 2287 11 390 305 516 95 554 203 356 7 0 46 31 414 189 1399 0
13 4 186 106 2 11 45 16 117 182 653 435 6 1571 738 388 60 5 1 761 9 236 1338 30 144 1130 650 15
532 397 1358 441 71 2559 779 452 2 5 47 1233 897 48 1298 51 1002 21 20 282 90 1446 108 11 517 862 113 178
163 562 42 144 146 146 5 193 300 20 54 137 84 258 648 26 846 10 346 89 2 35 228 23 300 20 67 582
2311 88 888 1793 298 231 266 820 345 1006 15 1 897 1664 714 142 6 0 834 132 1040 66 13 410 0 37 11 130
362 81 13 337 0 154 105 911 2417 849 1 1595 59 346 1002 103 2269 1594 4 211 69 392 14 408 106 40 1 544
341 6 109 367 524 119 3 93 97 164 68 24 125 292 1070 36 79 787 145 58 78 113 105 18 108 6 55 967
945 1059 792 395 347 58 37 257 387 165 12 226 517 40 601 608 975 36 109 384 197 14 1571 2 732 106 570 486
259 821 844 224 97 241 47 470 13 1193 12 452 422 35 5 84 421 138 11 3 9 16 90 758 86 60 444 304
134 28 119 609 1901 27 754 31 1424 1435 165 775 3058 1170 585 265 642 9 566 7 28 2050 565 118 754 166 415 250
1242 81 507 910 218 704 89 1 848 656 41 622 36 24 81 228 1298 4 46 46 66 237 2 477 405 915 70 26
1210 787 1643 1185 391 1472 31 0 37 1078 356 509 294 563 10 614 386 552 137 3 770 0 100 57 1566 559 1116 958
355 1173 78 44 598 124 2588 3146 1253 66 656 15 46 561 140 228 329 180 97 134 495 16 138 14 14 153 480 336
8 84 119 211 226 226 442 473 165 55 199 48 341 42 174 494 588 139 574 914 1113 194 246 283 614 245 430 119
146 318 938 878 192 26 541 1718 899 21 192 468 37 169 357 467 435 46 705 1114 22 596 0 117 108 179 10 28
6 102 14 6 1029 2776 976 942 584 867 36 1571 37 1 44 46 102 934 383 6 0 1505 705 1792 113 915 119 4
322 123 802 304 1180 597 50 1246 1720 190 117 669 0 98 846 652 5 217 672 397 26 235 41 99 147 228 176 174
149 21 549 236 211 1660 306 811 811 362 384 86 11 45 41 1780 158 432 321 689 475 1491 3 104 39 440 1382 12
17 339 258 470 2 411 499 25 1728 8 22 12 1543 1499 526 79 1546 490 1319 452 326 1864 1747 45 9 367 5 102
662 398 422 30 30 20 505 53 36 21 487 112 525 119 277 224 9 116 348 117 1105 489 153 35 47 43 87 43
861 131 1296 75 1177 1007 75 108 6 1695 2208 116 33 164 0 16 12 1 1503 136 48 2 10 20 605 26 324 46
2696 7 219 647 80 223 202 705 592 386 552 3 184 97 2128 949 34 242 40 211 96 407 2630 349 15 154 729 26
535 1219 2506 746 147 794 1020 20 119 3 1473 97 1306 65 252 384 196 39 1331 0 475 89 3 5 369 489 1369 937
689 112 1267 1627 176 788 152 97 241 3 184 88 775 12 63 303 4 114 26 573 187 346 16 931 397 4551 311 462
788 38 6 553 578 442 1112 1051 352 126 190 9 1350 144 112 231 6 2473 988 108 218 878 449 103 1866 978 2114 1012
52 502 1204 1204 75 371 1237 281 483 3 502 21 11 208 5 12 205 764 109 1181 1331 362 176 624 18 14 6 361
326 2241 1639 23 240 447 122 15 23 24 15 46 13 18 272 6 104 1752 176 1010 472 598 118 329 172 268 593 2037
254 273 75 121 1759 23 69 337 575 26 220 1309 575 97 782 4 44 46 198 209 63 542 396 23 19 687 51 72
46 138 8 8 418 123 2048 214 254 313 913 375 141 223 321 261 1043 390 305 483 216 366 233 246 443 1639 405 76
496 324 1984 3 3684 444 1847 316 95 193 110 16 901 638 788 1829 452 73 39 18 1062 14 788 319 1335 124 56 580
1235 343 457 279 20 771 8 386 861 577 22 320 139 160 574 135 1453 509 94 282 775 1153 1764 632 43 147 1459 119
888 8 276 614 128 1609 453 885 1847 1666 16 259 614 1576 2 131 1145 1 58 443 1119 682 36 127 10 20 92 296
77 3 1863 22 276 352 899 700 1155 617 466 1178 2280 1068 272 229 623 298 96 34 150 906 0 1064 79 23 837 455
105 182 694 2288 895 2273 109 1 441 2 11 31 508 116 411 136 593 640 256 97 1496 712 73 889 2767 1293 82 2452
41 8 84 100 1528 12 10 23 57 5 120 98 622 201 1448 1383 486 1417 1373 84 145 140 20 1615 36 1238 43 1174
2 1544 16 72 520 2280 125 8 48 790 215 47 561 975 1035 1113 8 336 28 900 18 53 138 1041 162 1436 506 64
2 14 997 1269 127 36 149 21 74 525 134 1306 23 881 194 82 137 130 440 763 390 134 500 148 1351 640 275 0
59 669 110 183 133 60 72 5 175 60 1618 1113 1159 199 177 222 140 146 184 100 210 74 103 415 150 558 64 2
590 159 1557 84 108 384 1146 150 129 129 898 162 3 41 4 367 169 131 152 639 655 136 172 71 2559 42 11 1687
2278 2237 3 184 133 156 938 133 36 40 391 1126 935 22 0 21 3 168 1503 136 36 2441 231 265 340 129 0 162
446 341 93 313 44 56 1264 633 289 2 16 126 7 1440 662 268 929 240 0 311 77 855 311 377 68 316 548 154
52 1845 364 3 11 21 492 1170 324 365 365 2467 58 78 426 372 1176 537 85 126 14 871 88 239 8 22 130 66
396 446 367 33 453 1570 1893 266 359 443 25 661 650 682 1 124 341 38 2458 2486 570 1231 1775 778 140 54 612 338
3 291 150 4 763 582 555 1134 313 40 6 52 1902 1 451 397 96 157 784 246 1 435 46 95 803 52 1269 82
612 381 215 79 46 732 721 111 45 530 50 108 309 377 7 138 127 398 792 337 196 133 117 1982 273 1230 16 2280
271 271 154 62 559 1 45 1 74 179 113 1101 75 1287 12 74 204 2044 1758 48 1613 27 27 77 3 1355 662 657
132 1030 333 425 177 369 5 92 585 713 455 911 83 95 29 712 1405 44 625 123 2349 9 1850 107 1936 250 633 5
149 21 7 940 1197 23 24 328 614 75 16 3257 57 138 1163 38 57 163 861 3377 159 757 309 1 74 98 326 353
380 1 34 59 246 12 67 102 304 601 3 41 58 946 207 4 352 10 100 253 795 15 24 96 1601 49 63 173
80 91 590 2369 61 92 351 26 321 302 138 44 614 869 26 557 24 0 321 983 392 10 16 78 3 2269 2 655
535 209 61 178 105 2 32 582 1134 35 21 28 34 28 63 1446 214 5 11 59 1067 51 1458 997 828 4 950 46
2115 958 710 213 613 5 665 333 324 1193 131 922 17 300 0 27 202 19 636 374 214 1113 1329 2 402 85 7 4
167 21 104 380 89 62 128 24 10 3790 130 93 1179 171 1214 61 209 567 379 318 591 7 66 558 1 510 182 783
29 13 12 1 2299 880 954 65 255 92 531 320 207 233 246 470 0 27 1031 140 481 1075 738 1883 397 201 139 24
104 311 610 3 93 27 312 252 657 677 9 310 1302 50 894 28 83 110 346 100 75 860 34 105 64 126 11 563
271 86 91 5 11 21 168 94 282 9 103 9 1149 1149 658 30 812 281 206 1415 201 252 384 679 1610 157 40 44
686 93 92 284 368 8 36 201 28 1200 1200 0 119 454 1300 577 1120 126 76 714 871 11 44 21 16 14 83 6
45 886 462 1004 474 80 66 2069 35 44 46 1271 1095 1252 1429 98 93 8 864 0 19 116 157 39 112 6 51 88
246 179 11 41 54 1468 637 1388 64 253 1927 9 236 1338 207 157 688 241 4 113 141 489 144 306 1155 186 193 29
189 715 1654 6 2056 7 440 1 0 94 282 7 3551 75 203 4 1702 224 3 770 8 1234 644 2022 414 506 157 308
1546 38 0 37 8 159 2338 18 234 742 816 3113 1761 871 256 159 115 36 411 1394 2332 979 234 155 28 1267 66 1239
14 50 37 464 2 217 24 3 553 586 302 89 114 562 500 172 126 126 81 1115 357 1674 993 2527 13 252 384 105
133 693 137 2166 520 1636 208 3 352 164 239 202 23 132 117 287 102 324 672 119 709 648 436 34 1338 1295 9 146
132 696 694 163 201 9 236 33 74 1414 1708 231 3 29 136 281 2 116 19 496 816 11 3 8 22 255 386 601
3 1082 1273 1524 7 1303 169 589 1702 104 1186 1149 1128 23 440 4 0 1219 233 1184 460 329 957 625 49 220 3 861
1273 8 3 291 394 600 621 765 289 140 54 153 116 285 154 139 457 496 4 158 303 351 40 796 796 2 411 1256
2 418 13 648 183 41 37 163 51 26 573 1213 31 123 272 9 197 294 115 1 16 22 78 3 69 536 22 145
22 1089 1 74 902 217 1996 783 852 41 2335 991 466 969 202 19 1453 223 50 1 867 100 420 1403 23 711 1108 14
116 35 113 292 228 1919 714 109 1181 26 248 465 24 83 1402 113 1629 978 41 2335 1 236 398 429 812 1374 2110 202
1038 12 201 25 637 690 598 721 372 201 491 308 57 11 21 58 0 19 940 81 9 314 466 32 273 179 11 17
4405 134 462 3025 4 190 146 571 618 40 237 2792 2532 228 49 237 1 74 4 225 381 197 268 504 37 13 178 1623
710 213 215 3 291 10 23 188 280 1914 2144 51 617 783 996 374 0 92 73 22 16 287 12 134 54 757 638 1004
1548 1548 1548 166 80 873 219 42 139 50 930 62 36 0 58 329 156 1 514 16 216 236 1338 40 44 46 46 47
35 11 75 722 386 674 30 115 55 1233 88 1918 7 47 537 26 2592 1 143 977 0 62 507 426 1355 228 22 53
1694 384 86 143 49 873 1048 928 986 1287 59 1282 977 1178 156 164 1211 212 3 1089 6 420 8 96 37 39 70 70
134 3 0 9 97 1184 65 67 40 73 275 1397 1034 45 42 38 538 119 1245 59 0 386 239 2061 160 1267 1627 214
117 13 520 103 622 1126 65 103 490 0 2142 105 734 569 34 263 2435 415 2 2535 50 563 1206 127 13 46 414 51
10 23 78 3 1003 370 77 1894 65 0 1486 1471 35 2982 1143 856 236 11 186 1912 404 0 122 150 1 2559 284 101
61 1935 0 1100 112 25 282 3 569 311 0 110 159 1464 19 15 27 136 212 346 1042 338 225 388 1090 48 0 18
8 119 272 151 861 3377 6 116 184 284 124 1553 1524 7 829 87 1071 340 802 164 811 192 41 63 173 260 79 2
152 16 55 65 28 0 386 4 1558 41 182 1 34 291 212 626 15 151 674 354 419 110 401 95 324 1372 490 122
108 464 837 480 623 21 36 48 1626 67 33 1261 1034 148 1005 384 80 1296 347 174 1843 835 860 1804 88 622 387 14
485 131 1725 8 302 80 34 531 65 125 22 112 13 303 674 20 83 13 1124 1551 1 2052 37 355 195 1135 339 113
640 12 1804 161 42 2189 810 1226 22 1035 210 430 1597 1123 90 905 34 263 329 416 2171 575 43 368 196 1249 425 1054
0 246 81 38 37 73 25 18 887 89 686 525 167 179 607 1203 588 820 1356 20 630 151 1098 1054 501 436 19 1117
2975 1394 506 377 327 1574 1122 843 10 157 622 593 640 9 1244 932 1090 604 29 44 2182 457 48 1593 100 563 51 73
568 1371 128 506 0 1371 848 931 957 223 1753 296 484 352 180 15 1135 281 1113 1159 8 28 1367 35 2982 690 1 225
946 11 111 9 589 3668 132 90 332 477 29 30 10 903 190 155 351 618 109 367 1416 861 28 77 3 92 1210 172
14 13 107 1936 1310 2776 423 257 514 20 215 834 384 0 121 1282 890 468 891 1 211 344 154 134 32 198 400 671
72 312 25 1720 276 29 896 26 740 79 128 72 1111 761 87 6 346 366 174 1916 1909 27 27 49 210 214 26 38
20 470 22 74 109 367 1491 1568 519 52 46 642 212 1622 42 158 270 131 94 178 11 1099 626 3 184 2 1882 94
2485 6 782 600 564 3377 1303 1761 644 106 40 267 3 310 967 396 333 441 229 318 4 299 457 0 58 507 1170 819
2022 10 364 3 228 23 923 1043 1043 218 1028 34 263 1168 2 176 129 124 677 57 879 146 1621 44 107 115 31 207
98 182 32 240 714 469 194 258 374 2461 9 325 1181 973 58 161 451 541 95 150 585 310 216 167 177 184 886 39
1142 14 849 225 347 736 174 16 399 528 180 97 246 70 460 914 353 701 151 18 324 1 1031 462 44 52 46 72
185 7 15 579 200 564 48 1918 230 7 1201 967 59 506 6 276 175 162 38 40 51 162 152 20 116 587 19 85
77 3 830 69 23 702 575 0 2226 476 142 92 175 433 737 8 22 353 165 265 604 1143 856 1950 3 757 147 494
14 604 1105 302 0 630 11 594 1 1407 15 854 13 915 1175 64 126 55 294 119 885 452 706 216 123 0 573 915
8 131 244 12 0 1596 1611 104 887 2662 1210 1794 71 134 30 144 9 1679 32 1201 131 631 28 1 74 125 928 386
10 59 30 144 52 46 727 2 271 271 2106 132 696 25 144 532 187 821 479 11 41 741 178 820 85 643 1718 29
1428 327 1 49 52 502 69 1159 305 841 61 184 182 91 473 468 939 939 4 130 1741 1800 706 163 397 307 291 746
117 129 137 21 52 1902 1386 57 498 618 1276 7 137 180 917 2 543 424 424 109 80 963 34 225 0 64 1035 210
563 681 1417 159 21 1108 47 45 100 492 380 878 111 1248 957 427 229 879 267 1008 563 341 205 6 824 147 714 2
1488 288 876 89 101 16 1078 55 190 0 704 1043 105 2 476 370 110 401 198 1203 623 57 509 13 211 26 2583 32
925 2186 7 75 97 1965 796 201 984 1241 2447 1351 96 128 110 113 1 80 888 627 232 587 509 131 0 20 32 293
1166 3 1319 452 0 110 470 446 1342 216 43 70 496 32 3 46 931 512 32 120 0 963 118 30 144 3 182 555
126 28 588 278 1267 0 127 40 45 2570 648 152 6 128 1041 1339 129 898 314 345 1413 25 17 88 1783 661 572 1
429 2009 2456 35 13 295 1297 471 544 1228 98 380 719 105 529 4013 2864 108 39 41 909 1 524 98 1515 117 676 406
27 586 39 1709 10 10 846 160 718 110 141 737 55 1301 113 470 151 50 88 123 632 122 49 444 1282 437 65 278
393 621 166 137 49 875 1238 998 2703 678 139 407 791 91 795 291 2 43 430 74 778 390 572 1458 480 11 21 19
252 1 44 614 247 18 158 283 614 413 2248 536 944 259 436 19 498 18 503 1797 86 0 404 80 324 622 13 1871
33 219 201 23 174 587 624 26 846 643 0 1195 1239 1645 3922 324 909 64 55 12 213 175 341 95 40 157 39 514
1334 3 991 911 711 1467 649 219 342 2159 33 31 29 97 1278 413 4 1845 151 624 940 134 196 430 171 400 569 21
113 97 699 1083 69 1062 79 346 8 465 46 248 119 609 772 695 220 50 68 34 1105 117 79 1110 1060 81 286 178
363 356 0 20 680 1701 5 233 508 694 1882 140 138 75 44 810 22 2 454 252 1 244 175 41 1780 32 49 908
156 1204 297 244 239 247 2512 8 3 184 345 402 150 7 143 393 151 43 984 1105 764 1106 595 65 1559 41 72 1201
342 490 0 685 212 13 653 897 1664 112 1170 1503 1153 216 77 2213 317 122 96 624 156 1012 263 252 384 1 74 9
5 207 1157 11 1015 492 417 1113 8 101 16 96 420 1403 639 374 286 143 1 217 121 2467 1675 68 434 1133 17 12
1599 10 190 161 1516 156 114 21 66 318 701 2729 340 31 199 2323 178 80 650 259 382 100 88 267 30 476 91 91
644 2062 12 393 152 303 5 163 456 500 194 69 499 523 0 9 158 1214 149 480 1249 900 71 17 285 20 108 2992
755 584 130 262 180 27 543 1578 597 689 6 157 21 447 1473 9 73 6 121 54 462 228 1850 0 524 495 470 234
