35 28 470 7 4 1752 105 322 23 77 1059 2030 7 232 642 295 78 195 105 22 130 486 535 2591 2591 966 112 252
145 619 1407 2402 16 476 246 130 852 1099 203 63 173 138 35 2982 267 23 906 28 41 24 70 2 51 47 41 323
93 264 35 5 89 54 42 41 463 313 143 1933 384 16 2376 865 687 843 17 21 375 111 43 58 407 34 263 921
204 613 91 2531 11 21 86 671 92 806 1609 36 92 185 34 37 102 58 8 3 717 180 5 40 541 53 36 85
68 19 76 1081 51 82 644 9 462 358 604 0 524 15 1448 1383 8 123 637 285 1058 66 211 895 138 833 942 1210
2483 452 1298 130 1105 517 766 1474 541 0 327 201 735 623 101 92 190 175 1295 9 11 3 147 97 289 857 319 8
229 23 14 44 44 46 46 149 21 48 1572 114 378 141 25 629 906 0 761 231 6 210 454 357 854 536 55 826
251 131 5 84 1271 440 1612 1333 164 80 58 874 953 34 35 400 283 398 211 349 59 565 681 424 283 6 435 148
3 184 3 28 1367 448 230 786 0 637 86 2 502 34 263 333 741 1737 700 13 197 821 0 1163 1165 470 106 359
1658 1658 58 40 943 1274 148 317 177 34 198 316 110 15 27 1810 127 13 284 31 0 806 1201 846 59 1668 652 34
1546 6 431 538 1205 472 735 11 113 346 295 352 99 249 764 280 561 975 183 7 1794 147 181 687 51 147 439 3
15 527 479 517 1230 520 3518 189 891 0 1271 752 977 280 261 112 394 0 1336 2203 1336 254 942 129 446 303 4 1833
86 2575 521 61 1837 74 22 277 249 181 1355 3 23 239 343 947 2 1125 108 46 160 13 8 165 746 689 834 80
397 43 544 167 342 174 1323 35 2982 11 594 304 967 357 854 662 42 38 48 1332 4 268 27 186 119 324 64 320
2 1201 382 0 637 72 124 109 384 929 240 196 54 24 1105 764 255 21 388 86 6 0 440 2 99 1 10 232
991 1042 1453 423 11 21 55 78 487 0 506 17 58 311 96 653 1071 404 514 0 1833 12 74 351 106 188 1 211
255 113 11 594 565 2 543 437 71 145 821 32 258 329 10 162 0 98 720 73 214 12 217 642 3 327 475 881
220 13 1140 6 45 59 50 1 1345 16 1023 296 403 305 63 264 123 514 4 262 96 64 709 343 2 585 48 273
15 14 1644 19 408 18 138 186 280 476 23 26 846 11 31 381 4 1720 249 248 1035 210 233 246 21 1365 28 72
831 14 825 401 819 48 668 854 1769 812 1028 61 669 298 1084 2348 2478 13 0 207 264 465 139 26 1753 249 122 18
500 205 26 1052 26 171 479 13 655 42 25 73 636 1727 356 143 503 1797 51 1173 885 3 4 932 940 104 1173 34
48 1566 75 162 809 1096 885 132 696 643 117 833 10 713 311 9 53 17 88 105 51 95 1170 352 497 586 1348 758
2359 341 3 291 1 342 821 476 142 13 586 127 162 27 1250 59 108 309 316 29 159 207 247 144 966 819 20 48
63 164 8 50 375 1780 189 204 1278 907 93 0 1110 1060 525 192 149 21 489 824 83 1 207 357 854 63 173 167
967 145 137 942 21 129 265 188 1 0 80 630 11 488 1098 246 9 354 421 1306 5 223 179 66 347 34 37 1015
201 139 1282 15 58 220 163 227 622 85 1 1 441 34 263 107 54 74 677 45 0 157 868 25 3 88 517 152
185 7 1996 783 191 18 1157 1238 1783 55 344 1863 275 107 160 29 435 46 152 133 79 918 38 146 38 305 243 201
833 164 163 310 32 120 123 132 148 261 49 63 171 348 681 277 347 6 421 113 7 110 43 1069 382 214 126 146
195 763 868 543 587 410 911 1424 307 95 297 153 1605 201 565 239 8 22 0 19 107 3045 328 6 1085 124 415 1092
1533 769 1870 32 1201 88 66 13 1105 141 642 447 92 427 204 77 3 298 392 829 65 196 188 157 77 3 90 201
193 75 9 89 23 279 351 77 3 35 21 596 78 426 96 280 1405 1562 198 44 123 2137 106 42 1369 38 0 3
84 173 245 6 210 444 2002 2 190 15 124 1653 31 83 30 144 96 816 912 160 121 0 1486 30 144 2 51 514
413 82 126 164 252 854 35 303 16 1370 356 303 654 1 50 330 1339 117 16 1741 506 2 1208 22 148 68 1489 18
23 618 61 215 935 2 51 23 119 0 107 440 381 3 88 1582 427 11 139 17 12 49 873 3 208 10 199 16
539 146 52 1 2 100 327 739 523 1009 1303 426 50 0 20 470 1 415 1397 854 652 20 136 1002 202 9 624 129
362 334 8 202 0 322 30 843 51 1173 954 63 373 34 288 390 380 118 307 107 41 98 959 347 809 90 265 574
244 62 48 3 334 20 43 65 445 81 681 79 143 370 1233 31 61 41 141 51 50 149 21 95 150 341 50 1
588 7 1162 48 1205 28 1367 45 11 328 248 126 7 69 91 1392 451 16 383 887 293 124 182 112 222 818 103 4
85 697 151 1282 185 1062 14 42 2255 18 911 178 4 1912 318 102 326 412 1 1575 438 2702 41 119 112 9 565 181
252 1 1364 1257 34 449 449 201 2187 889 1594 1597 1123 755 480 7 1303 208 21 85 26 2470 783 1919 49 0 19 20
855 434 547 1470 1392 1284 1180 1769 28 57 2408 970 574 39 1033 2106 540 777 1147 34 69 179 424 4 1565 129 493 493
259 211 52 1239 1907 954 200 1453 483 53 36 248 3076 258 1049 169 1089 82 499 964 1267 54 244 82 505 138 277 1864
40 8 336 23 33 43 1 149 21 5 494 41 612 7 166 485 136 108 6 435 105 94 282 283 406 2182 2204 8
33 471 153 799 0 237 167 182 469 1 19 456 623 1470 47 662 80 587 3 184 345 476 3 3 175 924 1476 22
200 1369 937 42 2042 3 215 1284 317 583 2000 91 206 1 74 564 22 465 212 1350 52 44 186 16 336 1012 676 66
1651 141 122 32 728 67 8 3 495 696 494 635 87 998 215 146 58 162 108 909 407 530 352 653 38 41 198 569
698 1 172 676 145 1572 380 835 2048 3 1328 2662 826 4 39 951 51 295 1214 245 521 119 62 222 144 2146 410 144
318 5 531 50 141 3 23 174 113 4013 2864 97 102 1136 13 1418 132 119 422 136 86 670 514 1519 58 5 12 2
231 36 52 1902 532 3 28 21 146 743 5 52 113 499 407 9 2 117 610 3 2105 846 1350 68 1 901 248 424
1108 160 249 16 57 1185 66 155 1 875 113 740 99 792 41 75 778 500 453 11 323 851 419 2 51 100 117 6
13 1 415 81 18 1448 1383 67 33 1317 1301 109 357 744 1351 494 2276 786 1152 1739 514 425 187 427 64 109 367 32
2261 138 977 39 256 22 82 2 289 8 188 2399 365 365 2 1679 185 668 116 37 1568 677 141 2101 736 30 1155 26
242 5 193 505 6 1002 42 16 211 2355 415 360 74 1522 23 176 72 522 1018 16 637 1126 262 30 10 78 3 198
523 85 221 7 578 54 259 883 432 906 472 353 8 3 31 542 85 169 1071 56 1264 115 62 1095 1252 1205 1223 935
1214 1 337 35 1772 191 731 53 611 34 263 132 438 313 414 471 55 1605 844 397 59 6 40 249 45 841 2 502
777 359 1122 75 178 295 612 70 1 1023 248 70 38 146 320 6 374 1165 716 83 141 105 35 47 80 1486 902 11
3 1082 194 3 252 103 49 23 43 580 23 193 356 308 2106 164 24 15 960 910 456 34 531 108 609 2127 1059 57
736 397 87 6 581 1536 36 870 7 67 27 3352 8 3 94 282 460 217 1002 1584 59 1295 9 702 112 1943 2225 16
57 5 424 181 1894 826 252 148 920 446 136 192 1709 174 69 1181 108 309 127 13 541 0 420 201 52 129 898 381
255 917 93 120 1192 497 1261 274 804 925 654 11 3081 0 721 946 55 131 584 538 55 124 187 263 55 110 16 390
50 197 1639 8 80 122 78 761 336 35 63 303 1001 34 242 401 65 1018 416 702 449 61 228 90 173 312 181 320
1757 2019 378 827 798 58 2544 201 89 240 791 49 63 761 1426 381 135 576 178 43 372 88 775 1731 1067 154 20 952
0 768 117 698 128 342 43 1549 9 1572 91 461 196 381 389 232 1842 158 122 2241 398 97 1 93 1216 154 122 45
79 1568 700 477 1562 4 950 219 236 49 226 470 57 1197 15 10 186 110 1644 94 626 254 11 190 200 97 57 36
14 773 655 588 398 583 189 190 11 21 572 72 478 1396 225 153 34 263 76 282 452 59 88 72 1201 406 3 135
570 149 827 283 533 172 1465 144 2 502 29 978 1394 489 81 152 6 718 400 1 197 888 1457 18 601 3 168 1014
260 1228 25 117 133 155 109 1466 38 154 211 38 81 2 486 91 623 28 95 386 342 76 0 407 45 1700 173 2305
945 156 147 1201 95 9 1221 99 340 517 141 18 269 186 1228 342 33 43 107 622 381 50 462 749 243 236 31 303
156 264 156 1793 418 322 176 490 16 88 589 6 548 18 55 3 752 23 586 150 70 339 1079 271 2106 109 1185 555
967 21 89 3 608 23 774 944 2559 26 417 817 789 0 389 72 515 1165 639 958 2024 2245 455 156 380 2287 23 1103
253 127 485 23 318 6 1503 2356 120 685 248 911 19 0 20 622 2 621 292 316 80 128 150 2 177 582 1923 3213
2453 190 2009 438 40 116 844 171 90 8 15 103 1697 310 1 2056 843 272 948 1426 94 726 110 1025 2323 912 14 2
396 11 733 85 115 33 2328 1099 23 78 3 1794 2 48 411 23 16 567 514 0 152 2146 203 201 98 376 35 93
2 373 42 611 144 246 101 769 1093 0 956 23 109 26 780 952 366 537 172 92 1247 366 1119 642 337 9 218 101
40 373 161 899 1037 156 408 232 122 11 62 638 608 213 64 216 592 1181 3293 309 1174 120 47 30 144 2000 415 50
459 1190 109 754 1667 20 1096 190 415 2 823 838 2485 196 0 401 0 279 41 715 1579 162 43 193 807 71 1941 1567
8 7 280 81 0 345 72 360 311 1065 182 0 19 50 100 243 5 84 421 123 249 108 396 149 162 778 42 132
2557 190 2146 410 169 357 565 0 577 10 48 8 659 327 745 29 2 99 328 16 132 221 745 1 74 228 223 1127
967 123 140 36 51 1173 358 1150 313 608 262 97 139 1338 91 110 848 155 575 161 391 108 30 326 327 1533 1 38
42 138 81 19 14 2 62 1340 1 708 848 25 388 430 2567 70 1 34 330 1646 139 43 1118 98 464 43 558 43
15 62 332 664 73 308 1046 42 175 92 118 1105 997 120 89 562 343 37 1195 658 25 1477 2497 8 50 119 20 1002
86 107 28 470 778 42 302 13 55 5 1943 2225 24 6 49 90 1158 6 149 55 337 233 0 92 136 793 2479 2786
1009 1697 346 777 641 143 380 1135 2110 76 345 658 423 1735 96 1709 728 37 115 132 14 110 119 788 10 218 208 1386
408 218 4 525 558 355 954 18 1237 701 182 52 194 278 25 350 2201 102 1522 6 197 505 127 14 52 1574 327 656
945 289 278 1 232 21 35 359 118 25 26 293 118 338 304 8 8 97 1108 74 97 246 91 1268 237 299 123 4520
373 56 0 3 93 10 489 104 986 250 28 832 47 437 109 367 169 1089 1 604 180 183 491 507 5 2 384 260
818 818 1163 29 3858 1028 209 111 55 26 21 376 675 1 107 834 108 40 817 789 358 378 225 2069 35 73 80 27
402 44 419 369 80 298 1591 2789 2802 96 1210 372 486 925 0 37 822 412 147 147 301 85 99 47 752 367 169 185
77 289 333 1610 97 730 543 1121 528 623 204 159 63 173 81 50 83 20 486 1532 410 219 6 3 902 1655 44 44
2266 3 314 120 565 138 954 32 23 288 22 1370 356 95 90 758 147 7 2276 776 1 74 103 220 220 1275 746 13
626 105 507 5 1377 1116 661 141 7 134 64 1597 1123 1553 22 507 44 46 0 614 507 342 740 43 147 819 141 5
1824 293 244 238 2330 136 120 348 1142 46 322 75 114 1416 177 20 290 78 3 418 133 30 207 20 2 1078 321 95
1760 59 736 6 52 502 1429 40 99 1085 225 30 15 269 581 1015 0 653 78 3 1655 802 654 12 8 757 147 1119
818 548 78 195 2 201 1496 97 36 502 62 295 35 36 2 99 816 366 221 1391 316 566 324 890 567 27 1116 45
201 596 244 44 292 20 48 169 114 403 2601 316 110 48 127 423 95 16 3352 1 44 141 67 352 126 318 10 336
568 18 1646 33 262 972 613 137 107 115 14 1667 1739 85 44 1 115 1427 55 84 115 165 5 134 54 954 239 41
1009 13 1962 151 1058 209 357 854 103 174 3 51 100 70 1 9 2 675 350 84 1271 31 1296 1982 3 1489 5 1025
156 114 78 5 495 16 1532 578 115 244 776 115 36 31 438 282 199 1342 118 754 63 173 1 200 195 2 502 11
967 763 399 181 204 177 57 222 590 605 546 58 21 249 166 958 253 916 503 1797 179 123 1306 5 54 63 273 514
35 112 962 491 1088 245 61 510 182 50 1 4 730 1270 304 195 3 23 741 827 2694 63 542 0 389 6 8 22
11 290 126 6 975 455 1145 76 157 340 15 192 18 21 844 224 825 401 497 271 429 1971 224 95 268 25 79 0
1382 1228 29 260 179 508 43 77 646 197 384 106 15 1 799 225 431 1 394 40 187 754 118 547 1605 340 1 895
14 1544 58 561 5 1399 1404 254 228 821 44 5 54 1646 79 62 20 16 0 212 50 681 498 143 113 94 533 48
272 226 1711 47 1394 0 525 515 918 336 815 122 150 970 172 218 907 79 38 0 183 1150 119 514 16 2 8 44
26 112 217 2106 253 117 81 80 1528 431 0 80 1218 1495 841 97 194 634 26 98 1793 80 236 1338 344 41 117 2
459 1028 77 657 2 2 823 676 117 823 149 35 400 628 23 60 645 181 126 7 2432 22 741 286 1619 563 1185 286
1500 948 75 45 80 1505 133 30 624 1077 196 3058 75 2 2 543 543 185 34 263 427 116 116 0 10 2437 330 367
10 415 259 556 81 574 70 37 178 103 1697 470 48 942 199 130 478 1882 320 183 337 371 9 55 61 244 123 103
2 195 3 182 41 297 153 143 409 48 244 83 1025 455 94 533 1229 14 462 345 149 168 245 8 28 775 11 432
342 359 494 998 735 1230 459 2161 1060 78 3 86 403 252 126 222 42 740 422 1 1416 563 1548 192 1486 0 322 204
146 626 1225 117 328 1958 1 50 1 980 3037 119 609 1264 346 659 3 184 394 1422 1934 11 323 44 329 2263 419 652
30 500 14 14 1731 27 236 151 413 20 9 35 6 1578 597 462 34 263 95 98 349 15 898 566 75 42 50 2
967 23 367 1076 489 626 425 365 365 124 16 41 518 43 422 30 276 440 6 1159 496 1495 356 0 80 70 15 853
96 175 3 184 186 411 312 5 1 104 1173 478 748 62 23 701 49 41 122 23 185 318 30 380 170 18 1319 126
1124 2953 362 321 1927 54 970 39 152 425 16 57 1566 0 34 1365 34 263 980 3037 514 0 440 13 9 1274 63 458
88 98 333 25 583 243 4 44 635 20 112 350 1971 1417 134 40 23 255 660 112 222 339 1524 3 9 85 112 51
570 818 163 343 104 2644 1566 48 967 368 48 263 339 60 1618 199 177 32 543 859 313 265 147 771 603 1 41 41
736 156 670 18 334 234 543 902 12 0 37 69 7 23 30 144 9 761 727 178 500 997 3386 1399 1714 316 223 83
46 67 424 424 858 2257 72 731 53 591 6 791 59 109 92 388 761 741 747 1057 237 65 429 63 977 894 98 133
1854 562 11 2 725 20 109 25 1728 2683 519 95 96 979 869 920 445 379 276 960 5 250 475 897 1664 2042 426 195
303 133 151 263 2 2953 787 294 1891 1 1365 362 148 79 47 119 1057 630 1 48 1041 2226 169 73 6 547 1605 214
90 59 36 70 68 248 464 653 516 15 398 20 16 150 96 147 465 41 259 15 46 69 19 2588 3146 9 25 652
145 21 885 1847 141 613 751 1 74 11 21 152 290 167 102 612 250 475 1120 867 14 127 74 963 0 127 104 1681
33 593 9 85 401 1 422 1410 724 12 74 595 23 1810 1034 38 296 1668 1324 1929 2601 2157 3064 292 6 378 386 65
2851 1658 123 2369 22 123 96 443 55 41 271 1045 2506 32 499 97 235 36 114 21 42 568 45 0 107 0 196 598
488 98 14 357 825 149 929 240 2 174 24 194 141 20 88 269 452 1498 1850 514 34 147 110 944 8 0 42 94
33 402 77 6 90 201 892 195 1187 195 262 104 104 3 2099 119 514 16 129 493 163 104 1429 67 468 493 139 2
408 1258 812 25 447 624 1115 70 1533 2 1679 815 50 0 537 292 9 566 126 7 314 135 207 203 1472 48 566 1139
2278 271 502 426 380 213 113 1215 614 692 23 575 215 270 654 217 409 643 2408 94 282 2057 1815 154 110 117 292 843
62 800 82 28 90 1 0 115 33 367 1076 55 209 495 470 2114 22 2294 1524 3 215 91 226 128 83 42 579 577
1231 134 126 359 2424 1845 92 691 1210 2070 122 15 27 13 630 82 358 2110 156 1783 2165 20 16 1118 6 1 80 755
2 1071 1032 537 20 99 872 818 818 587 1 530 213 132 193 39 1250 304 6 900 1035 210 354 886 66 94 282 3
200 3 24 93 287 1684 605 423 129 2213 386 0 0 1269 724 647 513 186 18 7 4 1 34 434 773 1286 6 994
612 6 1015 183 128 1019 241 75 47 352 476 1772 48 519 477 168 9 132 506 41 303 521 837 983 1 0 276 874
60 334 587 2482 555 587 26 2470 7 1794 1096 7 114 126 765 7 363 15 111 20 155 117 1024 2180 61 2299 82 451
3 291 17 12 67 692 668 520 975 85 750 235 138 682 184 208 2115 12 320 23 102 1081 161 622 341 0 37 1
231 1109 764 164 1175 531 310 42 207 314 166 1084 480 44 51 28 132 6 2123 742 225 109 312 47 384 1216 333 445
1550 631 308 1869 2 859 78 3 1303 2 1758 22 175 270 206 24 852 26 622 1209 2 271 598 432 64 60 334 43
1055 1245 1549 280 66 229 41 183 690 1023 2482 84 1639 1358 1113 64 1684 13 41 834 81 928 92 80 1681 559 1 121
1060 567 4 124 46 36 206 0 69 667 244 88 97 332 49 63 228 1216 178 11 139 75 729 128 20 598 598 541
564 54 14 1967 2822 20 587 3523 157 19 1099 44 746 113 307 67 321 983 0 440 746 75 640 42 406 837 672 568
326 327 441 1543 548 55 124 43 43 376 2 594 839 28 1100 151 284 613 430 260 260 693 1594 5 94 282 515 724
639 3989 424 11 0 69 668 394 510 17 335 1004 971 68 2016 112 501 902 0 214 1101 462 692 9 284 8 9 322
454 15 115 24 394 62 1589 73 114 280 1 95 440 63 221 105 344 103 2186 139 3 184 154 92 417 205 1267 1888
254 90 1 719 497 517 664 931 309 91 701 2276 1610 156 30 24 515 972 63 373 916 189 1055 1720 356 9 198 473
967 112 175 1708 93 450 1 421 59 954 65 318 21 14 677 280 188 583 52 14 604 2 99 41 209 83 290 541
721 482 176 150 43 1650 131 549 236 692 1099 13 52 46 316 110 150 0 527 1763 31 3430 81 221 61 7 534 463
178 157 861 109 224 1684 230 474 49 63 821 118 12 51 23 2332 13 202 16 11 1247 9 1125 1125 43 85 27 40
270 778 203 371 1984 890 9 2558 1108 584 538 145 21 115 2171 195 280 81 547 356 0 19 410 996 374 34 108 178
543 341 338 452 115 224 735 498 18 230 786 20 58 193 662 2911 1356 4 158 277 27 172 128 687 51 2 270 272
72 499 298 455 399 339 51 78 3 52 60 584 8 453 336 35 675 179 20 549 236 915 116 1687 229 381 401 16
145 21 5 2657 165 1179 357 129 898 197 182 174 63 840 909 334 312 114 1219 135 64 166 958 106 139 973 218 4
0 616 4 2643 105 1364 1190 737 282 380 2022 1285 1415 159 1634 36 1000 87 513 24 1264 41 9 197 888 1994 156 480
88 339 90 32 17 179 4 118 636 66 16 582 1923 630 9 25 243 853 592 184 313 2 732 15 107 3165 66 1579
897 22 14 74 599 1509 36 89 1919 643 312 192 320 761 200 2614 45 22 67 143 36 49 458 74 20 9 57 82
2 1125 23 84 310 180 97 1126 93 339 23 47 47 51 336 357 2 402 35 1 47 196 1246 874 33 214 141 60
335 14 104 70 1408 9 424 432 1084 2 99 157 66 428 1126 352 23 84 9 566 7 1496 111 9 96 34 263 11
1034 401 313 3800 1160 629 607 202 1096 4 283 1666 681 119 30 10 589 1702 504 188 43 156 114 261 1467 22 188 25
3016 54 1424 91 426 26 1160 328 6 94 58 481 11 3 2 402 169 357 1416 0 198 1907 673 1398 3616 15 24 753
265 566 86 1140 15 46 527 48 1613 543 1588 340 40 213 791 119 447 415 775 171 293 39 49 228 52 799 79 663
3 85 2333 1074 1238 85 23 25 141 317 1826 109 28 97 1126 7 514 69 258 300 4 3683 246 34 934 0 1559 442
559 3 61 504 209 773 9 7 337 51 80 940 134 374 424 6 7 94 533 259 39 1575 1653 378 45 13 313 247
784 1510 95 51 2245 24 15 342 19 149 21 259 160 525 389 351 206 17 818 201 86 34 371 105 318 547 356 906
867 182 1 12 1436 17 508 140 364 3 29 744 1466 109 38 41 152 368 119 186 445 23 278 1 29 51 2 343
485 1019 194 3 172 2 1639 78 3 184 125 98 580 61 900 18 486 6 714 107 1151 361 483 3352 972 275 50 98
1452 21 70 1 1375 760 92 2989 521 1103 1103 420 366 182 6 101 599 379 643 891 67 27 709 49 1421 159 91 452
156 695 361 1008 1941 1567 398 2 402 442 33 213 104 887 70 96 85 144 11 216 155 455 24 15 46 413 8 221
8 433 8 50 2392 66 715 1777 113 116 6 323 62 30 1244 324 2553 10 966 1568 303 827 1119 156 1326 1772 11 266
231 6 333 43 2120 8 302 31 690 2 227 677 2 1264 80 1241 148 525 6 568 714 1551 114 270 131 52 234 396
167 114 630 24 7 411 67 400 55 714 6 294 16 367 224 1310 3 1082 85 795 94 242 22 341 79 10 85 254
5 523 47 65 0 21 785 851 139 0 407 342 7 2241 304 164 1103 1103 500 22 120 20 369 9 236 45 326 1550
55 1739 206 5 50 681 36 724 1126 28 155 154 467 8 43 3 638 281 391 44 911 83 187 4 44 48 149 21
3635 178 110 105 310 370 83 57 1572 42 59 1146 459 90 171 991 51 141 32 1087 150 654 398 2 63 210 103 2976
699 164 358 82 97 54 1150 107 1936 292 2871 96 530 781 469 13 76 458 15 1 827 532 209 202 75 1 76 2179
339 116 586 746 1050 1482 328 43 43 427 157 119 609 1205 1681 159 1441 1028 82 625 2 1475 54 466 74 141 3 2314
1605 38 31 8 0 94 254 11 103 152 743 216 31 102 307 109 920 352 1116 504 846 5 200 213 0 890 396 149
273 54 817 1221 60 537 144 292 517 1366 339 498 108 129 27 153 29 546 78 21 116 3861 1 0 440 569 198 1145
1019 13 91 260 5 217 906 59 335 564 613 163 657 55 85 454 1549 280 71 85 1894 74 114 80 119 46 761 141
967 11 41 23 240 55 329 11 21 253 17 63 173 428 178 87 18 70 70 52 46 304 75 32 28 0 605 12
559 363 3 816 98 561 210 2 174 365 365 86 813 356 617 119 2 402 207 119 609 1457 2003 494 998 11 54 199
1350 220 126 7 226 327 272 624 6 244 776 116 117 202 31 62 8 4 344 110 31 29 573 622 63 357 157 200
2 131 1162 50 8 313 1162 1249 71 114 21 2 543 163 10 23 1043 3 184 28 1367 212 3 318 6 689 963 255
2677 39 778 344 588 2631 51 8 47 28 1417 97 78 3 565 1389 137 21 63 2276 329 111 366 71 644 0 3318 41
156 2280 127 120 86 1192 349 675 487 1115 318 55 337 152 20 72 72 20 721 637 31 629 104 1224 2 1359 326 313
136 3 2004 365 24 501 1124 381 160 518 769 827 777 1264 311 67 112 1566 68 440 333 197 505 102 9 35 167 5
144 102 1002 290 41 271 143 341 38 2 51 47 120 0 232 127 216 81 662 50 392 889 1049 394 211 383 1551 305
145 131 1704 447 21 165 13 258 300 100 162 149 21 1170 109 102 29 13 462 201 1009 1105 840 1372 59 210 13 76
1118 38 1 117 483 1600 186 1201 668 1994 475 192 958 41 132 528 333 1054 15 268 1293 580 59 780 311 35 400 1
97 1347 13 356 12 482 125 1236 236 106 10 115 1085 840 94 139 1084 480 15 1 603 2 154 9 549 247 18 215
199 1158 134 181 64 2482 101 190 43 753 618 1931 682 147 451 229 253 1574 233 246 4 1 46 89 3 341 500 310
21 20 1711 5 149 21 1145 482 13 9 1347 85 77 6 108 464 2338 103 129 580 0 420 374 42 1184 4 235 900
63 134 22 613 109 367 164 164 20 542 428 653 33 22 358 1188 1303 2233 1117 5 241 86 826 128 47 917 1305 59
259 10 99 212 41 459 92 637 411 358 49 157 49 129 898 225 0 622 381 3 69 22 38 252 246 1479 597 40
128 448 88 1783 385 563 626 340 857 304 584 50 27 855 45 448 79 443 980 3037 44 4 46 407 218 126 7 1102
1238 5 455 1282 1352 15 344 216 75 440 433 128 561 975 247 0 19 110 649 48 301 301 2 285 53 1284 850 680
1971 192 1267 722 123 315 8 120 314 120 41 209 343 922 761 1 64 77 3 179 145 845 141 225 72 6 83 94
1367 93 126 746 648 732 1078 1012 19 156 359 191 6 5 54 541 133 1215 178 704 622 595 7 108 40 64 48 1267
77 3 156 1108 7 968 141 216 106 55 3 1276 279 158 700 152 850 14 687 51 84 643 544 49 210 820 26 18
145 62 399 1758 8 722 964 42 236 293 28 191 11 139 30 144 344 64 292 285 316 115 295 62 161 0 249 1
55 23 151 263 448 262 562 171 614 756 626 60 481 157 25 647 2 51 5 143 88 1260 309 347 1328 2 2020 625
1467 1818 217 370 453 100 727 50 141 901 90 25 1353 23 839 113 8 3 52 987 897 126 114 855 196 751 1 1259
777 224 515 724 467 144 105 81 411 736 1826 276 362 675 192 546 107 313 15 579 435 16 1829 186 192 96 612 20
1108 146 625 12 123 681 54 3 120 313 32 65 96 41 1772 1421 668 310 310 1962 178 55 28 1000 1 68 112 334
11 21 174 61 15 27 277 393 433 141 162 76 947 44 2267 1505 714 64 341 222 0 20 29 80 1282 2 285 180
1116 605 1586 641 77 3 121 179 1284 116 67 39 4 380 0 69 1375 8 143 409 1675 80 1758 394 1188 529 56 2
429 821 57 134 103 468 1282 65 199 534 1119 357 156 317 668 153 13 0 833 67 1044 1 68 276 29 950 6 981
846 347 851 2155 135 240 39 232 575 311 480 689 21 149 1 43 23 379 2650 475 151 225 1065 1293 480 147 1592 16
171 812 8 3 177 886 239 346 1047 883 1042 187 8 601 2 1303 1413 33 2 2248 44 0 96 127 36 577 967 310
149 21 561 140 105 130 46 61 6 433 1651 7 317 136 661 118 2468 231 125 127 13 495 135 513 6 846 305 38
35 112 1575 438 35 29 302 31 418 2343 349 41 62 211 44 226 2116 1239 397 113 1081 95 150 13 861 330 518 165
500 88 108 337 20 9 3 1288 1096 775 1201 0 1440 385 1 198 1000 611 1170 835 50 1 514 0 1309 15 350 1021
426 46 68 263 559 342 68 83 771 945 462 1127 3 1994 1833 1197 1 2288 1112 80 178 15 1 124 415 50 360 108
1206 3 0 322 55 920 225 802 653 8 7 354 94 178 172 452 254 386 7 256 204 899 114 873 36 10 1008 30
745 3 278 321 335 356 2047 313 115 151 81 68 18 3 184 578 85 213 11 565 1201 657 1082 0 306 4 1833 158
518 282 43 313 150 24 1264 311 102 161 1046 714 64 632 298 457 219 647 757 205 123 26 92 417 316 697 569 19
1594 33 5 399 32 205 198 321 148 1789 59 24 15 315 110 18 1801 211 1042 385 1191 302 1238 632 378 252 657 195
764 38 144 364 669 16 462 1249 29 513 131 596 8 448 151 2091 145 21 2 1125 55 534 534 65 139 3 370 52
211 658 50 1 213 1966 45 713 42 501 19 112 113 974 1126 88 3669 139 825 46 126 7 1003 548 15 1237 2288 563
305 98 111 3 336 97 36 199 50 49 52 33 114 42 388 28 15 797 216 755 480 852 576 23 92 186 771 204
3786 485 116 263 10 100 82 1460 28 6 1 1254 235 40 3 1288 271 2106 367 1988 2312 2358 1009 1141 1 52 972 56
3786 86 509 312 562 520 92 258 940 17 175 681 347 15 1 414 149 21 12 74 83 255 416 257 1 41 2 61
138 8 7 2579 109 384 0 762 409 157 3 195 457 255 159 61 15 27 1601 659 6 15 27 30 10 127 74 9
341 21 71 134 0 269 61 178 418 40 176 207 67 912 359 381 214 0 354 71 1445 437 52 529 82 1357 266 203
437 75 8 1114 793 97 593 986 52 1643 518 606 606 802 242 237 356 2 20 952 293 28 641 414 2021 0 816 267
302 1225 19 482 1468 38 355 246 402 2189 1214 29 892 2136 749 100 33 300 106 2 158 11 110 941 52 1239 112 0
0 246 149 21 163 926 223 207 37 331 230 474 201 641 426 73 456 201 2002 688 84 856 761 531 969 59 319 43
559 1 1069 1626 0 121 295 635 18 8 89 171 305 610 919 690 1865 1161 343 1161 51 2 1886 32 65 89 86 105
686 61 633 146 1614 11 594 76 150 11 241 12 15 70 76 48 268 66 1013 151 909 119 99 108 81 1842 480 41
2 51 178 355 3 156 553 44 4 1041 2 949 9 319 107 1936 746 0 653 178 358 95 150 417 0 130 1521 391
86 302 130 423 346 135 1888 45 1034 316 119 3 28 85 35 11 354 39 249 304 343 1891 141 28 311 68 19 40
231 3 111 81 152 334 48 649 1090 179 1708 0 32 23 932 38 111 1002 45 23 1367 137 5 488 380 623 28 531
446 1512 109 367 4 932 441 10 130 328 16 23 593 134 1009 141 352 39 757 1810 378 78 454 68 248 507 39 573
1923 1134 127 213 718 400 137 890 1236 4100 21 701 2729 318 18 214 40 211 292 87 630 73 2393 266 1603 1068 719 460
683 279 4060 12 866 28 0 32 213 9 1679 12 3 465 9 65 4 44 168 378 186 118 754 1 74 375 533 43
1453 100 297 367 169 1089 470 109 38 64 708 48 212 591 92 593 49 63 179 12 1031 319 781 643 1141 0 57 148
306 290 77 3 185 1210 30 111 205 201 179 1 414 302 393 36 1 64 73 190 864 0 69 367 224 140 663 43
1110 1060 276 81 347 30 334 146 50 715 1350 1080 50 1142 692 243 35 1526 1043 1043 212 194 156 446 500 35 73 179
52 663 333 940 871 16 608 252 1 24 40 154 198 44 28 155 0 630 931 31 572 2278 162 1426 862 66 11 75
8 22 68 19 50 149 21 161 33 163 657 617 39 1130 878 4 95 37 85 126 4 398 1636 1881 341 352 256 192
362 1371 285 1566 1240 1303 257 1056 836 239 575 504 1025 65 681 398 0 110 1 291 103 13 178 147 505 353 47 238
42 79 467 5 88 145 454 18 6 778 54 791 50 1 581 117 96 119 569 237 1734 541 237 78 851 0 30 1046
777 400 9 103 139 236 1338 2 402 65 432 1594 228 59 7 134 248 1374 203 152 512 965 1074 49 254 41 125 0
1284 20 2702 14 1551 485 3 2 271 515 192 1398 76 886 9 117 31 661 59 97 134 7 235 2065 7 82 163 116
25 397 3400 546 34 649 792 344 25 52 46 626 4 113 33 440 48 244 514 0 127 322 176 13 157 153 13 243
242 5 361 1008 584 538 1579 295 310 254 14 566 1733 127 224 217 1435 831 728 1087 44 66 153 708 243 352 16 2172
136 613 1106 33 2762 34 960 238 1531 1752 840 283 1001 435 46 441 181 83 251 15 728 105 642 36 23 151 119 298
189 58 210 1201 637 353 641 79 1170 164 432 1492 4266 9 625 32 1266 1266 17 47 48 662 343 2 177 4 473 555
104 1176 664 5 92 624 624 103 6 5 123 22 4 168 1941 1567 18 141 29 566 42 188 1 328 81 236 525 81
51 84 34 198 382 1496 140 54 933 11 3 81 18 127 13 2009 756 652 76 16 1093 777 1234 1070 1467 14 1147 124
1565 1 44 318 249 79 234 55 51 55 337 553 384 746 677 178 156 156 67 944 349 1708 275 61 43 26 965 235
47 28 72 216 0 1273 1566 26 614 25 1574 559 1 766 1512 282 217 577 39 1911 417 66 16 11 158 203 1509 6
42 66 110 885 2303 1410 1080 682 30 55 187 95 324 150 152 6 441 16 1629 195 8 42 265 95 177 621 114 1926
1658 1658 49 41 3044 2045 844 224 664 97 782 134 99 388 0 19 855 276 913 36 22 100 675 2 165 67 4 1
446 1841 562 267 715 63 7 1231 2 1596 296 389 9 18 163 933 1956 33 432 2002 1457 40 2854 1850 798 201 139 104
1706 26 890 157 372 26 15 34 839 428 3592 67 846 65 51 28 713 6 51 132 236 44 149 447 273 371 28 155
535 209 872 1927 712 228 90 340 1 8 28 0 121 3171 59 59 449 481 201 60 43 118 1119 2 44 152 20 1068
398 1250 453 11 348 11 45 821 11 643 26 524 56 51 350 304 164 79 346 103 188 64 68 29 303 0 150 300
252 143 1302 0 187 92 287 186 295 1463 952 1398 62 1078 48 140 310 100 236 19 81 1425 16 341 78 192 868 1
494 998 50 15 27 122 134 124 9 236 45 573 1987 1035 210 174 246 70 763 398 71 199 597 641 195 1414 460 490
1477 313 331 367 871 11 54 1201 657 53 88 208 1005 1534 576 81 1122 198 819 20 1725 924 1898 1135 117 1519 385 799
1345 1382 48 274 773 225 1493 584 54 27 169 1492 214 129 49 23 73 189 1406 54 115 977 289 642 9 78 3 100
27 119 59 1036 1549 18 805 1356 20 727 14 127 409 196 642 412 8 80 147 805 1042 8 755 432 3566 0 780 0
551 600 731 843 446 1116 72 1448 1383 344 569 351 18 9 246 50 165 123 251 273 1 770 1350 243 13 313 36 80
362 21 601 3 559 363 35 146 694 273 1302 249 127 110 475 203 1208 16 1881 79 104 572 1881 5 1503 118 611 540
77 33 147 370 351 162 33 35 21 17 134 145 21 43 838 85 503 1797 3 41 830 60 273 151 18 228 273 332
992 1163 137 5 76 1334 89 1 423 328 21 1035 896 213 23 952 73 565 0 381 3 438 141 225 1 1154 66 1505
33 1405 242 156 40 6 125 1143 856 333 629 1018 633 43 525 869 1513 349 465 81 153 2684 222 1020 617 2355 932 442
497 44 927 36 88 131 459 240 277 106 13 477 705 1899 2209 9 15 1 2105 1264 361 1143 610 398 732 706 67 251
1823 522 15 14 81 704 34 52 1 627 16 1146 130 746 362 176 63 303 388 74 463 102 237 10 16 52 1239 1552
682 189 525 525 61 313 0 196 260 1286 38 0 37 1 74 148 1351 12 239 10 205 2191 8 217 398 74 216 216
818 818 167 393 334 10 208 51 884 1217 189 0 1440 38 2694 19 129 416 1653 461 2559 1 74 0 1454 985 13 146
149 21 8 234 60 1845 1349 65 857 823 1201 869 71 3 1089 186 470 608 338 630 3 184 7 402 65 1916 1909 3
10 379 844 224 234 60 824 812 882 460 463 80 3 2702 26 472 172 589 562 298 11 134 54 915 263 102 482 12
240 307 280 1341 1112 0 269 566 3249 117 9 322 30 144 88 24 82 840 1464 343 373 1623 53 36 73 110 43 23
1273 595 343 178 147 247 55 3 184 82 47 147 270 386 239 1012 34 413 19 15 46 110 62 6 950 178 372 3
1103 1103 63 1446 1609 126 7 123 327 408 19 66 123 1259 266 1139 200 410 42 1209 89 429 82 73 972 39 151 59
305 98 936 13 40 715 849 66 2761 163 648 38 33 147 175 1013 2676 676 22 66 31 530 51 103 58 667 25 1655
99 432 120 56 375 21 785 785 785 785 204 373 426 71 155 10 582 1923 118 12 159 199 391 156 126 122 28 123
415 457 151 1282 859 230 1288 438 43 1466 5 51 202 705 30 554 15 13 1171 1897 566 11 594 72 336 533 7 211
394 1367 119 1969 2057 1815 1373 57 48 22 217 2445 588 111 852 325 152 914 112 25 634 319 196 303 1052 125 1171 49
253 614 172 232 41 4 158 95 201 373 56 1062 22 313 301 513 110 626 97 134 47 69 155 97 99 267 23 202
50 163 163 822 422 319 5 84 390 102 716 300 205 95 401 92 517 58 57 878 29 19 878 188 316 161 126 804
393 574 715 360 179 22 120 1802 11 92 2146 363 163 125 40 848 127 423 1295 9 117 2 1544 133 30 189 703 176
1278 54 8 36 541 97 1123 1916 1909 509 298 835 1002 1201 8 105 1146 805 26 9 36 510 182 1033 143 408 16 844
320 424 1285 275 180 492 1151 907 205 1120 113 1146 161 980 3037 30 249 16 127 14 1018 34 434 1578 161 351 27 78
1210 322 876 61 95 20 425 486 33 99 21 246 119 609 1033 291 271 964 88 402 16 629 71 1253 157 78 3 184
252 1 598 161 429 28 518 518 59 68 157 40 44 41 20 2702 1345 305 0 740 167 130 241 339 23 14 1436 75
35 98 547 356 100 165 191 32 65 51 1458 55 3 896 53 743 424 1833 1253 280 209 2 843 214 136 11 33 1363
1548 1548 1429 950 544 70 2563 2563 179 80 35 2 51 2 883 3 1536 45 816 41 63 173 82 240 784 597 1180 2133
61 1157 948 1 229 178 2 51 287 664 81 102 16 32 120 62 21 36 41 1000 3 1012 569 311 739 328 309 4
252 119 111 9 129 868 515 905 928 478 38 60 402 44 655 136 2 1 11 993 1701 0 291 7 114 256 13 861
52 156 110 19 1 217 93 2 44 973 322 196 49 458 225 21 197 726 1022 0 1000 390 1826 195 54 1035 1988 123
365 365 197 726 1004 817 1523 330 24 669 182 1789 1527 911 45 84 115 447 697 123 207 4 229 21 165 2 99 98
581 664 246 21 1087 3 278 394 5 389 31 822 46 897 891 1298 1054 651 104 887 108 40 647 513 1365 442 16 705
156 184 119 71 1003 113 942 125 618 2 11 216 115 171 8 3 184 826 88 1066 11 563 1206 86 701 175 2278 225
517 103 291 61 110 554 381 50 1630 947 120 53 241 79 12 4 46 322 577 44 50 497 127 13 46 1687 384 86
175 8 181 88 8 3 1367 112 11 21 546 672 489 69 117 1028 786 141 281 664 163 552 3 2262 93 457 754 409
33 306 960 5 1165 76 470 2392 11 12 51 1744 807 144 108 6 172 37 288 1368 722 337 223 287 195 586 196 134
535 1219 176 118 116 387 91 299 1044 117 146 297 444 840 6 2524 26 88 287 114 169 1089 600 89 1319 0 912 1401
83 302 34 1365 1918 230 7 137 204 169 800 36 88 58 1756 817 1221 91 298 494 998 405 1939 211 277 225 4 568
932 134 246 123 2369 1126 608 141 452 168 15 828 129 1783 11 59 858 443 55 22 74 4 27 1460 215 724 9 325
559 601 96 255 1154 1035 1113 806 541 1242 1242 2 402 150 118 636 1463 13 496 463 74 11 323 172 0 16 936 1176
170 2 639 48 541 80 413 65 661 104 163 1 123 233 246 0 225 1190 316 64 2061 33 199 1512 141 44 112 111
1479 402 0 4 39 124 441 599 1031 241 479 3192 16 407 827 532 664 63 164 13 71 18 8 343 0 389 38 228
812 156 644 108 40 124 34 229 215 454 533 122 45 0 19 543 1108 993 1701 433 1301 1496 900 66 57 5 494 998
305 98 19 17 202 487 449 4 4 113 653 796 796 2 2 74 110 401 700 22 34 263 27 375 351 119 609 186
259 1021 362 356 1131 2997 44 359 12 171 10 5 12 88 23 1753 4 44 338 119 171 384 122 84 104 96 708 365
7 239 240 337 256 1006 1086 2814 418 0 612 253 1150 11 21 415 2 64 52 1239 68 69 287 237 366 53 243 333
259 556 64 11 45 459 1603 912 3 172 41 61 427 135 7 605 1623 690 231 672 161 451 213 306 390 32 93 270
1042 138 0 19 4 124 415 61 178 258 103 1404 31 29 30 144 76 81 282 1 821 305 23 163 355 244 776 339
204 159 879 393 20 9 236 24 1625 3602 192 442 1081 1547 2439 36 130 88 3169 7 208 28 67 354 2191 178 618 209
118 159 461 2284 312 883 174 1023 19 1035 210 110 150 50 412 62 2 1758 199 458 106 592 203 22 209 1575 438 438
2 4347 110 9 3777 166 9 463 139 20 16 1043 1043 75 20 443 1143 856 0 797 65 217 235 299 3172 152 512 911
96 43 24 15 1018 0 280 1584 1030 888 480 1283 105 347 24 852 0 369 2170 143 95 90 208 217 2247 26 573 1400
0 938 451 160 1407 37 121 2138 44 42 961 105 24 1230 58 496 15 13 867 16 2113 73 275 149 21 158 1170 414
220 109 507 473 20 100 1122 397 2226 894 1201 765 1108 1003 13 48 707 3 260 38 4 1369 669 307 108 1003 133 1806
15 46 347 1453 465 925 872 95 16 14 120 352 251 0 259 946 303 0 1805 112 153 1471 548 26 424 13 23 34
2278 61 671 841 49 63 173 535 59 6 144 1037 928 1740 1407 427 303 396 746 2 137 138 136 412 1 150 0 3538
610 557 569 269 201 3549 1035 1228 26 34 263 2 271 685 412 286 1619 1403 8 191 135 430 350 607 514 0 546 140
429 2009 93 14 134 217 916 1005 50 2 10 467 89 118 550 102 710 213 215 1151 66 11 12 44 534 278 373 344
524 3 1300 847 8 3 22 29 26 34 263 201 1208 25 132 132 944 365 80 1687 315 325 120 292 20 196 117 117
818 35 736 363 444 382 94 127 107 1936 34 930 291 56 64 207 15 677 827 110 10 379 1 13 29 113 96 491
867 27 35 36 208 23 38 40 222 78 3 638 597 1595 1448 1383 407 0 1646 337 255 145 64 1043 86 381 6 2
341 21 110 1338 91 639 2531 733 1427 9 236 1 217 325 140 10 1238 1 76 575 1311 197 50 1 74 2 223 49
86 0 64 308 883 163 51 424 150 151 1032 1270 77 3 119 1196 378 284 1343 48 62 33 74 2 1208 41 1513 230
126 109 160 87 0 835 113 12 6 205 9 299 260 377 344 0 92 115 402 952 385 149 40 3 7 1509 837 501
730 48 520 3 89 3 1319 194 41 775 114 873 113 32 65 76 100 26 389 234 378 50 95 124 212 259 415 90
1982 330 2 1423 158 7 406 232 25 325 1065 41 2076 1758 1250 571 89 3 76 37 2437 290 1209 0 247 2528 584 608
662 407 116 6 3 1536 1536 528 163 44 756 16 197 343 1601 241 18 110 2506 256 334 745 179 143 2348 331 190 274
421 138 33 33 149 201 208 17 123 700 708 278 927 23 121 1591 2 732 759 65 215 641 873 806 2652 717 66 280
35 179 540 777 1901 169 357 741 1184 7 281 875 515 150 829 39 207 67 107 1936 515 630 21 318 6 437 0 533
13 3 1759 23 741 83 7 20 653 507 203 228 1153 294 29 1963 40 25 202 16 140 36 1914 184 6 72 62 308
506 38 1532 395 43 1190 127 14 52 46 48 1700 550 95 20 587 1122 0 524 31 475 43 687 843 3 520 276 83
330 1 515 621 429 2009 1463 120 123 338 21 296 1668 0 761 656 45 6 20 1219 872 43 28 510 182 312 134 76
233 508 56 6 214 104 318 658 4 408 16 9 163 210 9 158 266 84 113 97 117 144 740 0 8 635 1203 343
0 454 514 443 1041 769 3 368 143 506 816 51 1723 55 42 897 2082 117 7 1679 3365 55 3 157 3 1126 32 731
581 2109 127 932 714 587 527 113 36 132 552 4 99 38 263 27 373 1 2300 97 134 52 46 346 13 60 256 86
697 213 439 6 277 46 665 1251 219 0 242 64 78 77 0 19 217 255 2906 13 1436 11 21 183 890 434 149 21
1458 101 323 43 833 2110 315 1742 12 8 33 412 774 729 1 65 1342 172 107 280 45 23 1918 230 7 1201 277 20
3358 370 109 367 1233 831 103 531 70 49 23 60 481 72 710 282 110 653 1709 274 11 2 99 35 50 5 217 2009
52 650 190 160 254 254 11 1010 862 1 120 215 462 209 1433 3 355 263 434 55 12 30 10 702 400 73 38 124
204 61 520 975 180 92 120 30 10 519 65 42 38 948 943 44 20 16 0 92 161 41 2226 32 45 133 444 65
108 6 1177 807 971 233 195 88 823 391 8 746 20 9 236 2 883 102 37 30 144 37 1018 440 148 1 110 435
28 1367 35 1125 127 398 503 1797 86 797 1485 1146 146 174 1864 1747 52 987 63 5 631 109 17 5 54 889 1728 8
718 400 2246 59 119 609 626 1257 66 184 561 133 957 1146 20 16 897 117 1036 81 15 44 211 2553 90 8 221 47
363 340 11 1944 157 658 13 0 64 998 3498 1238 2155 172 827 50 112 100 112 1802 128 27 1414 1414 43 297 153 162
62 13 881 167 51 1173 308 1522 726 166 671 42 289 123 351 687 1415 481 444 1 217 4491 273 21 429 203 77 1059
435 6 14 189 10 23 20 2962 1049 95 324 3 754 108 1022 254 596 964 2118 384 461 57 159 174 69 302 12 18
10 310 134 260 1512 21 122 4 598 80 1277 79 123 295 259 556 1118 389 1709 78 3 489 185 855 227 44 80 417
517 862 41 3 28 157 120 2137 85 3 800 2070 597 1180 94 533 14 273 85 177 67 246 4 205 521 2564 6 1036
306 502 407 401 1858 326 385 443 1687 91 0 49 63 46 172 119 8 3 147 60 17 57 1294 0 579 727 182 141
253 3442 17 168 146 0 92 81 1270 200 3 1623 206 10 195 343 667 27 41 107 1936 231 99 2070 398 778 931 1216
86 492 18 1052 119 1817 88 234 53 80 37 126 71 20 9 86 5 217 708 1 68 566 30 40 44 190 16 573
2 51 15 151 2564 1124 33 1290 1206 2039 93 2630 169 453 257 168 881 164 8 3 433 147 1416 143 368 129 680 8
818 167 1 441 82 625 442 20 909 99 300 172 39 2 1639 121 138 3 2 266 627 69 478 1882 85 194 657 367
99 1791 2528 7 402 548 1615 509 405 255 42 67 4 46 405 176 849 295 974 2392 9 240 62 187 84 656 422 0
174 294 325 1181 753 1096 127 11 1235 1235 91 94 622 978 35 2982 389 739 146 21 34 263 652 225 28 778 6 1858
521 2564 1 211 376 303 422 30 253 1365 207 144 13 191 1042 486 966 83 22 85 11 3 58 256 1871 670 80 1845
357 611 0 41 996 374 759 1 715 1287 66 52 194 181 28 557 3 114 21 329 1227 236 11 760 23 2284 108 15
706 559 708 48 146 1617 8 191 69 1497 561 114 165 2065 7 328 614 13 141 1503 72 522 2 65 702 391 30 642
31 23 1367 91 25 136 67 845 142 26 9 84 44 345 113 2657 311 9 89 3 32 251 1208 338 31 7 1958 138
87 277 664 5 80 1303 1147 490 1296 9 1540 174 113 1003 957 43 245 28 108 160 90 416 305 36 17 175 1724 0
1901 138 287 712 344 51 44 231 384 95 150 480 0 2045 130 117 693 889 672 216 751 1 994 15 46 1916 1909 344
2 51 127 5 775 60 526 259 15 46 277 67 4 193 113 186 139 68 295 110 99 1 388 413 198 39 241 852
744 235 72 828 397 1023 192 340 62 253 384 1524 3 0 20 1031 851 18 667 356 25 2357 336 126 7 228 90 173
73 314 2305 644 35 1125 120 148 287 518 1053 569 48 3242 149 74 193 10 214 91 1270 630 1464 107 19 1168 1557 946
2 1783 868 217 323 4 303 317 1 15 10 4923 17 514 1174 1471 258 300 172 218 268 337 614 540 777 42 448 716
118 754 727 41 280 1287 970 201 997 2677 437 1200 1200 1355 1 74 86 441 42 68 282 0 178 184 182 907 195 88
812 373 551 600 228 52 514 4 432 75 9 55 3 0 369 591 197 119 50 146 405 68 6 143 409 213 211 52
525 507 1023 134 23 837 443 0 157 720 73 844 192 712 290 70 283 175 799 387 332 381 130 223 157 51 6 239
1816 67 273 194 22 23 396 5 200 153 45 110 99 192 581 2567 2455 846 344 121 2039 93 2591 141 5 2 51 343
305 98 3097 265 659 81 15 226 122 44 546 317 475 401 1522 200 378 67 355 273 88 9 1673 1143 856 0 616 511
231 182 24 17 320 20 2214 6 150 26 304 11 594 923 388 746 102 16 588 588 2070 398 0 1385 567 1135 76 653
63 238 47 1201 875 477 838 139 746 112 27 638 608 1015 349 28 108 166 807 1116 714 216 144 72 48 773 64 57
590 2369 1180 597 1712 68 1 0 67 110 183 1335 382 2180 89 452 109 367 86 81 6 108 40 16 150 333 651 3122
636 131 625 12 10 861 75 199 534 204 120 36 256 102 2543 1859 11 59 501 140 8 28 191 1103 1103 347 624 428
85 35 11 393 199 90 14 12 74 0 839 724 230 6 15 46 34 263 60 1618 1623 7 1 44 168 867 66 350
231 3 32 208 876 189 113 407 205 465 139 900 1028 2 551 296 826 175 25 652 110 59 760 284 1730 40 43 568
535 446 1 50 50 154 401 613 123 2009 518 618 1872 1225 677 381 442 76 562 31 18 308 1869 726 228 696 87 117
15 791 1 242 144 25 6 169 1089 130 360 93 107 354 428 1461 656 2 732 127 13 80 659 65 243 2357 238 56
755 379 358 657 16 440 340 328 12 183 965 643 1083 36 174 113 14 44 303 0 66 346 431 1959 1260 12 13 71
649 1 691 1210 708 561 140 294 9 1795 1181 489 476 2512 34 37 1341 5 539 809 1421 110 16 121 197 97 38 0
352 476 709 56 696 463 389 31 208 23 897 1664 127 14 366 1235 53 1785 471 871 136 74 0 322 1130 332 1623 2
1110 1060 491 66 883 160 671 187 610 22 23 4163 844 1117 81 668 144 120 96 1365 700 12 82 4 1116 1113 245 76
223 81 3282 732 127 1209 117 97 264 179 21 52 638 656 7 44 678 508 176 739 941 3284 149 1 178 57 468 21
231 105 34 597 147 51 4 66 16 540 777 501 909 334 29 834 1182 127 158 944 323 56 340 2255 182 6 50 362
199 164 112 341 105 26 1119 1174 119 1240 416 434 243 241 81 416 233 118 290 113 117 727 10 1260 244 2040 149 89
1206 182 2551 11 288 169 1201 163 180 648 1108 246 50 146 184 182 301 543 469 359 1186 254 11 323 62 115 898 19
153 358 141 295 610 518 152 60 126 71 1817 110 9 127 1308 456 2 74 107 1936 89 64 1 143 1644 69 1083 15
63 164 264 1125 247 40 8 802 448 3 1089 434 32 3 80 433 221 47 760 209 1 375 303 228 1850 61 1077 135
15 3 2 1147 303 198 567 165 12 77 1059 152 878 226 305 63 0 62 115 114 916 2 22 1685 1 1503 0 948
113 112 180 1326 979 1147 1294 156 1459 297 3 2349 662 262 913 61 216 0 440 2 11 63 173 344 347 44 79 56
2 821 71 79 813 4470 396 41 127 86 157 171 144 11 1179 1902 312 5 394 388 55 83 141 106 1837 107 656 501
133 369 213 63 1145 981 3 184 164 2085 148 73 275 317 517 30 4 113 11 217 70 192 354 67 104 515 569 34
35 29 1906 11 672 45 702 1051 48 29 541 586 143 36 201 63 173 954 7 97 137 51 81 127 108 43 641 48
1568 18 348 117 94 577 426 192 391 104 75 80 630 57 783 50 9 218 1880 1 378 81 0 876 114 205 2191 249
77 246 710 213 47 120 100 1469 18 1274 11 343 686 154 494 998 78 3 1205 100 17 333 371 900 18 331 367 169
2469 1902 127 1030 533 2 11 594 512 0 614 1647 10 315 413 1623 7 43 196 384 96 1119 55 46 191 269 1880 482
10 39 60 824 1329 81 53 3 1383 29 1028 48 1298 580 37 218 109 7 3115 1162 1246 104 593 95 149 9 119 346
33 550 1839 257 200 1108 123 525 165 0 389 126 7 184 398 306 589 2745 565 54 153 589 32 1022 251 2 195 127
233 508 2214 905 1323 1782 10 46 107 1936 1 0 770 507 356 44 1559 9 990 258 88 641 234 266 1649 454 349 143
535 936 424 117 1594 200 3 1778 98 9 222 4 3683 341 26 401 715 235 0 638 6 20 1824 442 33 2159 34 43
0 550 1449 611 129 50 1 223 541 204 266 1894 1089 26 442 19 96 475 601 3 184 454 1987 183 116 327 834 200
254 10 1837 891 2967 1710 99 17 113 11 241 455 882 6 775 22 5 164 12 297 153 19 445 928 30 144 1202 1207
3018 625 4 332 2 97 423 960 216 530 298 708 25 766 52 871 55 3 435 0 164 1143 356 129 565 40 1743 519
2544 210 107 1936 106 40 2 74 82 150 346 1507 177 1941 1567 53 611 570 1447 2746 70 91 332 233 1 120 23 28
17 34 8 234 234 206 184 239 1524 177 222 222 1830 44 1079 433 262 162 47 987 81 47 41 94 229 44 46 1512
536 393 99 1547 340 188 664 676 117 789 166 511 199 801 516 546 147 139 18 932 1 44 46 382 1944 350 68 350
535 359 1124 5 10 384 930 1 321 103 175 40 3 7 1427 189 307 81 109 367 2120 7 36 422 59 1169 150 290
1239 3147 452 637 1 482 21 71 414 471 70 1459 80 321 321 107 1936 3 2 178 253 384 651 106 973 1811 68 0
3 291 1 162 106 262 1348 49 63 201 984 213 110 464 126 940 307 127 4 1 38 10 641 7 646 347 48 303
147 749 267 195 245 318 55 343 120 24 28 13 48 149 21 821 298 2984 1018 692 391 2470 783 734 244 375 21 56
204 744 1211 356 307 444 36 1163 464 2 732 531 70 434 326 174 5 17 1138 26 82 629 330 330 1 350 113 216
859 12 67 42 397 246 1339 297 165 32 208 374 20 531 39 970 26 442 162 18 33 1513 4442 394 3267 661 116 1190
559 1 0 306 603 1013 28 20 322 72 8 172 265 265 186 64 153 13 2293 839 101 289 108 627 232 40 46 464
559 363 292 16 3602 1 1579 24 11 286 18 3 669 329 69 826 317 1 514 0 18 3052 1761 627 58 571 221 14
2134 2714 35 1466 128 307 23 426 174 94 135 296 1 721 102 43 2 359 136 664 267 861 23 2056 1705 7 548 0
2 51 28 6 83 180 485 77 3 53 241 1170 2141 454 506 6 1010 472 303 15 1702 117 216 1353 400 614 1769 2434
721 66 51 84 822 23 489 301 5 272 70 1810 402 12 343 696 534 947 348 117 351 421 85 739 4 932 1264 261
87 94 745 525 1128 313 872 17 58 498 56 252 548 841 494 1 122 175 640 51 600 600 1303 204 341 313 519 228
421 1532 237 38 214 2 1639 465 34 398 3 320 610 19 819 20 401 2146 712 2335 3327 670 21 716 793 208 0 546
833 140 1827 313 804 1170 433 336 28 285 3 152 20 33 2 732 76 827 1623 394 113 2392 11 206 182 518 3 28
560 14 567 766 1462 678 621 2380 354 69 1 94 282 7 374 931 2768 235 20 510 292 292 1575 1196 19 368 196 16
213 209 312 758 204 662 82 2029 68 759 102 43 11 64 232 83 196 384 0 6 47 116 749 974 356 95 1261 883
967 45 23 548 310 5 147 204 180 234 840 756 2813 942 354 18 67 33 199 114 180 194 74 80 67 833 584 1092
818 78 73 1310 7 675 287 0 1814 35 400 3 271 929 1132 965 44 44 84 113 1244 269 498 184 28 0 92 1863
231 44 55 374 52 955 43 1712 68 76 58 561 891 626 297 153 25 333 157 122 36 1526 378 24 15 352 16 302
123 435 788 206 500 180 133 224 94 324 48 2 23 1367 120 634 20 1401 12 5 4 1720 1426 63 173 823 732 150
46 792 1733 1418 22 1786 670 352 147 710 9 197 888 85 218 432 316 324 2843 1 4 1944 19 207 2239 589 525 465
173 39 259 556 480 295 22 983 1 9 969 1 30 144 70 742 202 1911 55 18 110 361 1008 1987 442 398 601 205
103 123 4460 795 76 956 71 807 178 361 1008 8 3 58 124 1702 738 1108 0 92 50 235 34 212 124 70 1216 29
667 939 680 487 769 374 15 579 68 389 70 203 384 98 763 49 63 173 863 35 179 207 1439 134 262 202 9 1048
28 69 1127 71 577 765 3 198 29 306 220 47 26 573 1170 414 43 347 151 6 435 957 81 668 53 611 26 442
302 117 1024 6 1310 153 242 119 207 38 216 74 1006 0 64 32 13 138 1687 1032 1097 134 60 1089 86 102 218 1064
7 1 11 59 233 0 1416 0 1060 81 183 2 135 30 1 413 15 46 1017 43 2093 1301 1969 1319 452 52 1239 82
597 909 1015 2066 603 138 0 1043 1043 125 441 77 246 294 9 30 0 989 514 92 570 149 183 4612 215 1473 16 16
73 108 17 123 447 259 1042 452 1217 24 11 3 962 700 94 282 111 714 62 91 909 700 502 656 112 96 386 112
270 82 648 289 8 175 97 364 3 184 182 152 150 766 766 1 1549 87 129 49 458 17 12 108 309 200 3 228
1763 921 170 1600 144 11 257 166 479 55 35 0 408 1258 4 1433 346 130 1014 326 1286 197 998 113 32 34 1365 528
1210 1835 1298 163 1 20 248 1188 190 246 59 1225 162 63 153 139 132 458 75 117 2750 2 242 312 134 514 62 113
1040 8 85 39 10 147 1275 1 327 1787 157 274 13 95 9 221 637 1217 2466 2466 13 1 165 900 18 668 8 453
381 6 4 130 535 1301 2171 134 23 1778 339 419 250 379 48 271 875 44 2570 69 174 1436 62 906 122 438 500 23
1782 203 89 454 881 803 638 313 186 2611 2611 223 198 228 90 14 30 144 515 217 433 1 457 0 823 874 563 2202
21 72 117 1024 943 568 213 77 257 919 216 162 139 1057 2080 27 19 99 367 169 1052 1052 1867 66 398 78 160 122
1108 7 65 7 185 131 328 598 293 166 117 725 209 561 163 246 80 384 2 1639 153 1186 124 122 8 147 212 230
474 189 639 49 706 852 662 244 341 49 52 140 89 23 543 1588 228 90 416 2018 1145 237 384 26 442 386 246 56
516 490 655 136 146 239 1012 5 23 183 43 229 18 404 388 676 198 236 41 0 716 2 99 249 469 358 1510 1023
68 1410 11 45 1553 3054 36 17 273 161 138 881 208 922 6 39 20 369 1590 1 1058 710 213 675 217 1027 2477 3
1990 1294 24 30 276 40 272 2069 1012 111 105 69 1963 241 1769 881 3113 1761 596 200 1 11 415 68 283 1264 2 6
429 2009 61 178 367 169 73 195 738 1108 73 528 2644 338 122 65 123 147 4 114 31 282 411 101 915 432 1509 24
231 100 674 11 163 52 50 1080 735 143 972 40 190 546 565 54 494 998 9 2 25 313 909 286 107 834 1182 187
675 440 639 964 1431 492 905 1250 571 272 6 128 94 43 186 16 671 117 214 318 371 347 466 809 494 998 1636 370
1137 149 32 1478 2273 1497 1201 689 16 110 629 121 226 242 235 36 915 105 133 30 27 201 928 728 6 809 706 700
1350 1060 974 12 84 217 754 453 65 122 251 201 737 48 51 84 306 271 754 337 27 277 69 15 13 1069 1626 6
68 798 1085 840 2714 180 657 104 126 13 276 2245 1035 210 407 962 3 240 147 23 20 92 211 292 6 486 624 998
1708 383 1501 206 100 1334 129 14 393 66 119 201 90 636 201 14 318 191 846 570 35 74 82 733 444 6 3 313
86 112 31 1566 126 155 7 944 130 105 508 18 3 370 9 447 110 110 70 165 533 346 47 1356 110 648 597 1180
1224 744 29 260 495 0 19 15 1 378 207 985 447 415 154 87 77 246 352 1346 89 102 90 332 259 1447 326 1958
631 82 274 519 566 324 65 5 60 2016 561 428 1005 114 36 7 58 434 522 284 97 114 129 133 907 65 1271 346
967 12 0 280 0 58 1282 1093 9 63 173 143 36 132 458 25 596 23 67 2069 8 3 124 201 179 592 126 434
259 556 326 29 1963 97 164 109 367 46 46 605 231 28 1367 11 2870 179 339 549 236 1416 369 717 284 230 235 69
52 158 944 79 838 334 12 74 149 41 175 71 2559 818 818 713 24 219 52 1 69 1814 1160 29 747 381 16 137
551 156 278 846 157 65 1439 134 23 53 88 122 45 7 505 76 239 4 398 46 10 10 1964 3 2264 97 423 906
967 277 1261 1520 1806 50 1312 462 77 14 604 0 1219 804 240 396 228 41 698 139 262 62 514 34 133 386 18 49
581 1399 735 71 302 138 1472 1059 482 1018 117 1334 1866 2130 466 791 541 209 228 1597 245 2 28 136 25 101 774 94
2975 127 2605 552 359 396 159 94 282 4932 1196 219 72 303 141 599 0 37 761 1 216 48 440 2 126 110 183 157
2 1551 1078 1415 50 16 129 898 459 248 416 90 221 8 80 404 421 85 2784 159 966 271 573 107 1936 204 920 687
145 22 183 44 4 277 46 41 579 147 2483 16 84 270 211 30 102 18 1841 6 48 192 18 348 120 603 182 1491
205 242 35 299 687 10 64 545 1 378 5 207 641 804 178 749 408 311 34 263 168 124 36 1324 1 319 763 129
3 266 72 209 201 507 75 326 304 239 1012 2093 164 255 420 964 687 843 0 37 70 150 103 13 1259 8 50 22
733 310 35 224 115 963 118 1362 35 1439 177 514 110 457 68 19 1090 1509 637 201 41 1144 43 3493 30 738 205 115
967 123 1071 203 237 248 161 394 837 13 1 544 103 34 67 39 44 122 46 1043 1043 202 9 53 36 154 26 221
429 448 226 827 1805 7 394 897 1664 801 119 1804 1354 62 364 99 2233 265 4 1268 387 638 656 145 66 1112 1052 1958
435 66 728 178 0 511 656 95 110 3 1089 318 167 5 848 322 885 3 208 0 405 29 3928 684 170 10 258 48
2 8 88 155 3 184 113 96 816 1941 1567 196 541 6 8 553 112 8 587 26 489 6 2702 1677 2105 2368 112 13
751 232 422 92 670 2 83 113 1859 373 56 140 21 213 108 6 1090 349 435 40 340 388 177 788 1140 435 125 25
3900 0 0 399 29 61 388 37 335 887 20 2214 15 253 1927 34 304 64 1088 245 144 292 549 2022 157 270 823 2299
105 596 163 36 763 23 1145 317 516 26 248 2105 163 657 442 659 3 312 759 406 1453 436 9 40 44 63 149 4
2192 191 8 131 768 119 1552 265 1410 256 1147 285 140 2 51 84 284 124 69 218 89 3 105 185 543 199 114 132
967 82 275 1462 35 64 8 84 1092 1207 27 122 562 565 102 857 1 0 389 225 108 337 628 1565 1379 189 525 13
164 120 72 1201 42 591 7 543 1109 1033 2106 109 367 169 8 177 240 31 18 188 1 796 796 10 302 40 34 263
52 122 1085 715 980 1574 942 662 227 244 776 180 1126 65 580 356 171 23 50 286 113 1400 569 0 583 325 120 1772
104 1292 237 230 58 119 128 119 559 113 7 201 13 156 590 47 632 46 46 888 128 685 653 549 236 220 589 962
231 21 72 439 482 10 739 1894 1030 35 4 61 690 138 31 114 43 329 72 1209 514 69 962 125 12 300 1173 59
3303 424 126 7 9 303 161 1043 1043 823 67 199 1 0 389 1190 237 81 2 117 3197 2 502 377 1 49 254 160
153 248 34 263 194 411 476 142 1029 304 180 193 1052 340 33 42 463 796 796 1605 202 94 116 50 34 1896 857 45
2975 1394 0 579 154 26 127 8 443 0 386 9 133 246 328 127 456 25 341 21 1115 148 385 60 1482 86 263 868
2 285 1350 10 1293 159 219 382 20 605 1 422 30 427 586 464 2043 1772 97 113 314 466 1065 626 927 635 322 172
1042 99 9 428 96 127 154 122 757 0 546 675 700 1195 72 57 642 498 40 150 1002 21 933 198 2572 293 541 453
35 5 23 241 1728 2349 7 1752 0 440 705 1291 1644 64 4584 349 280 18 449 20 16 486 25 827 33 265 0 622
698 143 1250 50 417 76 25 0 19 42 149 495 178 43 641 18 780 178 346 81 103 286 65 89 3 76 4405 35
167 110 110 62 51 147 35 5 776 63 173 510 1 1992 51 43 348 367 196 1374 1069 1067 61 0 69 2577 117 429
824 79 127 423 24 62 181 1432 199 1675 899 104 986 290 119 684 611 1122 333 46 907 671 116 313 356 15 46 1011
118 754 1295 9 634 31 319 228 160 18 58 314 466 771 713 62 78 3 1178 21 1214 71 411 8 7 211 0 1753
17 681 195 32 731 217 470 3 226 989 50 396 27 333 227 16 908 3165 4 609 153 43 881 584 538 323 119 601
322 97 314 450 1131 87 171 273 41 336 23 112 238 1018 0 2 301 301 490 189 392 508 1265 109 147 4060 603 352
698 6 1329 9 1237 1849 293 305 98 344 109 91 1523 1566 26 622 13 480 113 71 502 1001 3 184 353 732 1275 1734
147 141 117 266 1549 389 71 129 402 348 161 435 133 6 570 44 41 242 51 731 62 32 23 147 35 8 1367 27
149 866 104 3234 154 1093 6 338 21 32 399 62 223 1 94 533 179 968 37 40 359 1037 1037 187 1 433 89 48
2902 3853 220 189 42 938 1467 281 648 301 1239 2795 69 807 48 53 409 25 359 95 48 351 40 44 14 1294 850 680
2453 74 887 747 52 156 65 2319 374 728 105 11 76 477 197 19 871 138 1443 1031 412 436 19 207 535 514 4 344
304 156 134 3 757 704 324 126 43 108 6 4 604 353 544 65 453 27 43 1088 881 76 425 0 984 879 44 92
1920 1108 78 167 52 1040 275 332 431 102 2300 127 968 505 2 99 7 695 165 498 18 10 358 177 89 184 164 119
6 1 2 2521 67 212 28 336 131 587 927 260 894 906 238 664 687 51 258 1 172 64 748 802 654 3 93 433
342 137 246 54 127 13 98 571 225 172 160 3 837 9 15 1 44 46 108 569 1118 1638 47 31 1278 79 380 1
85 435 1140 397 1806 2 99 17 130 82 975 18 8 337 239 114 94 225 32 197 505 7 281 2302 2302 226 850 112
1589 2975 134 958 2431 970 13 140 1059 35 73 95 37 200 3 337 491 38 80 532 214 123 46 24 15 423 179 489
1203 2714 73 50 568 21 2 1639 449 463 1601 266 120 36 23 19 15 13 1018 113 399 1758 325 217 139 42 1724 267
572 353 395 148 59 76 43 1741 1083 7 135 15 151 524 1018 113 817 3 196 145 45 510 182 167 120 670 80 233
1278 523 134 800 88 0 92 1126 1674 132 170 467 1802 113 1087 22 323 614 2000 817 287 375 20 874 222 172 306 29
21 61 435 816 129 898 1024 769 803 522 177 1941 1567 0 34 263 313 0 53 36 1919 415 767 15 24 408 389 280
433 1 13 37 1013 2676 485 42 17 97 56 2780 157 1224 442 211 153 27 115 55 48 476 142 17 217 424 380 487
0 949 498 18 162 244 396 1548 1548 193 432 700 349 1068 73 12 110 512 16 227 569 35 122 93 1479 128 151 141
145 224 2475 405 229 117 683 15 20 19 96 415 911 656 154 601 3 2161 109 0 963 601 283 123 212 1845 486 237
35 400 507 342 449 3 1382 202 21 669 938 2040 66 786 1035 246 51 1458 32 3 169 1089 86 24 15 174 2424 44
358 1476 1 217 76 1429 129 129 446 270 28 52 1630 621 120 413 413 731 318 37 109 367 638 762 268 223 321 99
267 112 190 724 561 65 339 24 15 335 13 18 169 357 703 9 644 1123 610 398 661 119 72 17 12 2418 169 711
59 6 176 113 2175 1383 92 1022 438 9 1453 107 1936 110 1 172 1462 41 1608 957 32 120 807 123 20 3049 47 24
726 1399 116 12 0 653 50 1 26 893 14 306 271 1020 1 351 1557 236 143 755 468 1461 846 499 141 375 84 147
397 500 3 588 150 398 443 2893 626 58 1 0 2052 52 1239 5 104 1125 1886 826 339 238 52 52 785 683 816 494
886 66 86 130 1014 10 872 31 336 266 182 399 1758 41 58 734 44 46 127 14 95 90 211 20 16 954 266 134
145 120 111 342 3615 317 1733 11 594 55 217 110 1267 394 18 16 796 796 58 129 786 249 717 590 854 147 410 124
27 11 75 79 138 277 25 1406 172 76 1635 251 198 61 209 313 301 301 20 282 291 58 622 77 167 42 38 42
362 54 338 4 411 117 660 1153 63 1 238 77 3 343 96 1157 75 1775 571 577 644 36 343 572 54 5 56 118
273 381 186 38 261 112 394 590 2369 1126 206 199 157 213 359 221 971 156 723 9 9 625 88 23 787 24 81 436
662 50 360 776 169 266 3 1480 29 156 1326 2741 109 384 170 10 1919 56 33 28 4 132 534 1 74 2 266 378
171 671 2558 1306 1582 23 359 2069 35 228 23 467 652 736 199 402 11 594 63 173 609 1972 409 95 150 4 80 1512
10 23 167 120 147 22 860 743 114 1233 1009 80 1087 293 2 502 399 56 71 1432 1432 97 246 208 125 429 63 114
48 132 14 890 251 318 266 608 305 273 1188 174 5 200 113 596 54 2 1 320 361 139 371 37 2303 100 57 996
35 415 694 645 252 384 230 786 0 322 150 346 291 231 195 44 939 1471 1422 6 549 2022 147 270 11 89 1 95
972 8 147 114 31 126 23 467 809 537 127 8 336 8 83 38 1309 6 1677 105 191 1012 641 563 611 630 3 1429
35 400 629 13 71 0 622 1161 1725 756 326 1001 6 371 60 246 6 329 309 1237 50 728 440 255 39 237 0 106
1824 292 3752 63 141 163 75 79 26 888 8 338 948 364 3 184 28 682 36 71 319 225 1052 891 832 21 567 999
1173 1009 163 89 1084 641 345 498 19 408 900 276 1727 1258 377 381 186 16 21 4 146 237 18 519 270 1205 505 32
1937 155 1 74 201 1009 946 216 223 3115 1081 525 14 255 329 68 812 1076 8 165 202 71 7 108 166 95 102 922
258 84 851 18 267 10 564 120 3 1288 355 297 163 103 6 155 597 55 35 182 223 315 5 12 233 26 546 4
35 3 184 182 109 367 38 22 131 97 11 1118 20 696 4 79 997 298 68 1 915 633 3 703 176 574 225 3238
818 818 507 35 815 1210 257 728 141 398 3286 198 635 0 39 117 212 305 1421 269 119 249 16 1372 1 95 464 225
213 209 162 701 253 1574 1257 143 36 80 649 1267 1 262 2458 199 14 33 104 174 246 819 21 45 1012 352 476 602
897 5 158 1818 64 567 361 1523 66 1424 119 375 1780 158 118 611 42 1239 1669 52 1239 50 681 29 6 945 12 410
1959 14 63 534 323 2018 916 226 81 15 1 555 504 998 243 59 687 263 727 389 764 638 691 838 139 900 18 2976
322 1036 99 6 717 9 546 94 16 2 1164 171 41 18 109 367 34 165 72 6 69 4859 192 281 1586 0 440 390
40 72 347 214 201 1007 760 78 3 1636 821 1543 1496 52 696 236 205 625 26 389 37 442 33 603 2 111 234 470
967 145 367 227 919 9 1370 7 71 2 51 915 4 114 0 19 178 218 107 108 1386 233 246 96 10 181 1256 23
145 1705 960 169 274 797 1534 1303 72 210 1 1182 392 71 235 256 1709 1 1324 298 81 1274 418 180 139 3 23 188
113 771 728 530 1644 2255 2408 253 2180 446 23 1549 1157 118 40 282 26 573 215 1328 914 177 59 1207 118 53 3618 1119
1327 3 78 3 1536 1536 122 119 609 63 173 4 61 220 168 291 1035 1113 64 435 443 145 31 662 21 485 5 211
330 1023 986 471 35 565 1035 134 236 96 165 15 1 0 984 16 308 1869 3284 944 316 37 2333 587 1720 392 1292 642
209 33 1 6 1176 1331 36 440 2215 156 638 471 55 10 89 288 2953 8 50 764 519 2066 42 33 57 526 16 1532
326 581 348 393 344 1481 348 1050 636 52 5 596 326 415 216 484 301 543 322 200 1126 3 876 733 405 1866 992 67
115 5 45 23 1367 239 344 66 1184 736 1826 1079 124 102 2397 143 371 18 501 397 331 517 205 61 178 98 175 78
1055 281 2056 44 211 496 2749 966 201 1192 701 900 18 77 246 50 0 398 100 160 501 741 429 1024 309 209 56 1244
209 15 46 212 11 21 196 117 380 170 21 436 8 386 552 398 228 119 671 101 523 1 61 423 17 517 454 282
11 217 396 17 119 1854 0 151 440 2029 160 1858 690 1709 1645 3922 95 141 151 89 0 659 401 53 10 44 227 0
3 291 599 6 106 697 616 78 508 1350 99 603 0 163 126 54 101 45 2 502 246 40 265 276 67 49 63 711
55 388 105 79 100 496 265 281 8 31 1919 382 912 538 66 282 388 220 376 286 991 303 1118 1373 308 410 589 880
245 244 1017 50 312 28 1223 1439 1044 812 1030 3 184 98 571 298 575 331 310 2906 48 435 14 834 1182 1557 203 44
237 18 20 745 654 28 830 35 126 28 372 163 356 22 38 141 132 544 70 416 102 2272 1185 855 613 1147 1 1018
360 265 0 412 1287 741 72 112 418 352 53 47 120 1024 182 398 801 122 45 113 52 2341 2393 361 1008 1130 159 167
530 70 710 213 40 32 1847 81 415 2 302 1000 589 1702 99 957 205 12 296 224 113 43 6 35 1526 149 73 74
572 12 241 1894 159 1123 830 22 733 13 71 81 15 0 106 147 447 1114 199 1800 16 3 834 528 2280 413 1239 974
235 36 0 324 1831 35 2982 10 322 1127 949 204 52 2002 421 174 799 1412 48 59 960 382 59 133 365 24 248 174
1176 353 1889 283 328 626 15 200 3 135 225 704 50 161 20 19 0 498 248 366 885 1847 453 362 4 94 533 2082
2437 134 129 555 41 48 2087 1350 415 479 30 344 141 668 207 157 96 656 367 169 10 778 595 116 476 565 234 1728
199 2201 1341 431 237 223 16 380 614 547 1605 837 4 950 103 6 59 217 495 48 46 108 6 568 18 427 11 293
116 182 624 6 251 987 29 102 280 520 454 16 4 401 2 502 69 399 909 22 1772 1362 522 343 339 421 12 1147
11 44 258 14 0 413 1974 40 513 30 10 554 121 239 906 119 101 2003 545 35 38 44 46 698 139 387 135 1190
179 852 264 130 861 3377 273 1404 729 794 22 152 6 1622 34 53 1265 166 34 1365 1385 1 490 1660 23 514 26 18
370 792 525 2578 2424 112 38 1407 908 356 316 165 70 460 115 505 150 407 141 571 117 4 46 112 195 1233 105 2019
308 91 4 579 152 47 122 37 402 11 1357 4 199 748 216 1201 160 510 187 284 237 570 149 1687 655 96 711 359
1486 122 1176 530 49 171 380 15 24 1656 732 760 13 1 30 144 511 157 4 44 62 534 534 121 25 347 686 269
7 359 780 6 28 196 826 922 562 9 718 400 32 2134 120 1338 565 0 48 108 309 21 73 18 199 211 1050 636
777 189 477 537 201 191 10 791 910 77 3 461 58 1119 104 821 187 14 1018 75 65 2599 7 346 67 633 1646 1725
590 2369 1113 1159 226 0 494 188 1 2 271 743 1035 2002 68 19 1388 9 176 13 223 84 345 316 19 8 94 533
49 458 159 616 838 200 86 530 143 1225 304 126 7 1355 2 164 478 998 88 196 435 1184 994 741 463 259 525 970
1460 23 32 160 1003 492 112 0 263 110 612 318 11 2456 1364 1208 224 224 76 482 194 166 958 0 524 26 263 149
1349 431 68 211 897 1664 50 1049 21 682 9 236 1338 273 295 519 141 196 796 796 41 20 19 50 0 694 24 118
967 9 1095 1252 3551 217 1817 442 224 1408 884 129 898 326 54 422 1205 72 1421 387 229 151 43 261 167 109 452 126
52 227 3352 972 0 211 751 276 282 2 402 107 575 100 155 4 44 64 288 259 604 121 1047 1408 9 15 1 1503
49 803 2 411 109 1084 37 145 233 1533 35 24 200 144 223 18 254 14 202 369 413 294 1891 1319 146 115 4 214
897 1664 14 72 76 622 1 641 764 280 81 929 240 2338 18 16 973 896 78 200 625 56 2165 2 46 20 16 55
15 1 896 1413 70 1522 42 174 1006 57 509 312 16 835 1984 746 67 40 401 207 205 89 1 759 2424 201 63 46
26 151 1271 54 127 132 696 1104 79 82 463 1742 743 2002 207 4 634 2080 4 44 46 0 69 1731 908 2778 0 716
3 184 368 3 22 339 794 92 66 40 325 407 322 25 397 77 1059 118 354 86 2 141 3 1964 759 1780 62 45
649 1538 8 3 93 67 289 1360 167 1124 217 2655 161 59 171 541 1291 1159 53 503 13 80 177 338 80 43 31 1939
78 3 184 61 67 205 700 14 222 1922 10 176 43 973 2466 12 144 11 15 1 43 636 129 898 1579 97 782 3
2 875 1453 1214 178 521 2564 424 1170 532 101 383 1 6 51 103 176 506 342 15 46 984 214 8 124 1491 426 747
2324 169 608 116 48 989 50 72 208 73 102 67 481 246 305 452 288 194 55 22 1992 102 243 8 66 95 63 1674
133 156 109 384 1020 1 423 10 2349 1190 134 228 23 421 12 1338 247 1833 236 1338 411 5 131 297 163 84 27 837
1200 1200 321 237 1268 681 316 92 750 1153 708 665 401 68 612 97 134 616 47 19 16 435 1126 12 262 1456 556 1050
551 600 202 61 2 529 2 285 1170 2 1639 461 60 824 883 508 0 269 9 188 648 333 211 196 139 998 18 7
831 23 107 1936 1721 115 281 905 712 1208 368 3 184 32 45 394 964 86 53 100 1209 632 2123 742 24 30 2 2
2453 5 1435 25 200 788 681 5 217 461 35 1272 200 932 11 17 392 52 133 273 451 9 240 168 118 457 1 558
47 28 4 168 10 1666 667 39 110 868 164 1311 142 83 453 35 259 1735 874 942 2044 129 22 1650 343 634 81 541
187 14 834 609 609 2155 697 12 51 122 113 109 657 775 52 14 91 299 544 380 352 368 293 1035 463 11 64 2341
23 1247 34 198 906 334 2117 1970 1118 2 543 614 1222 1780 158 11 21 124 368 260 15 27 40 50 1 361 729 2392
3 291 1 282 2 502 70 103 74 48 10 693 341 751 780 23 697 79 518 0 2156 95 381 0 37 132 14 50
204 1447 49 90 48 341 1410 1893 1609 273 45 5 54 1589 21 1864 1747 1610 120 345 990 795 100 64 25 499 131 213
116 6 852 1059 2 314 0 930 1 2 502 801 184 118 395 3037 25 14 44 46 46 64 325 323 651 242 715 360
0 1547 340 31 83 1014 226 1888 569 532 195 757 931 734 307 139 0 80 568 237 113 906 776 13 13 118 457 182
2 51 3 61 80 838 822 0 324 974 12 693 553 864 286 27 42 117 1298 637 1 1278 1007 376 6 673 156 64
272 618 1237 795 185 961 86 659 745 465 165 79 56 116 48 295 11 259 2407 825 1030 13 1345 151 433 186 108 45
535 139 9 124 76 24 93 0 269 104 1690 78 3 1534 288 169 109 367 385 1 632 1758 2604 39 934 720 98 41
698 831 78 3 2 1238 428 63 173 137 762 85 492 26 301 563 458 1 318 21 41 84 85 2069 35 3777 57 1303
256 61 1136 10 617 18 1126 5 304 164 74 890 2241 42 158 91 12 74 53 2062 109 126 1 1058 618 13 158 1489
3 291 1324 1 153 165 1119 8 336 163 163 1 0 440 269 108 148 213 779 7 273 55 124 150 1 435 218 16
104 2016 127 14 2592 429 1343 59 248 357 1012 846 288 1368 117 25 136 281 495 48 777 400 614 4768 171 32 120 123
1480 738 343 423 1269 54 1129 363 318 333 14 1056 836 3 3227 256 150 440 390 213 7 132 7 896 170 1035 1113 1579
66 87 15 151 9 223 380 411 59 31 45 703 176 79 30 144 429 2009 276 221 176 151 384 0 19 2242 2005 651
20 947 608 608 1088 374 909 34 263 327 708 1367 73 162 53 179 637 285 470 16 87 106 257 874 36 759 385 1
42 287 588 3 201 291 39 40 99 63 482 176 142 342 11 45 2479 2786 4 13 157 95 324 4 44 147 16 3
577 1845 174 161 986 12 154 225 379 78 1100 99 215 535 887 167 22 311 29 614 163 1 31 38 2 285 13 744
575 77 134 54 24 16 908 356 838 2 590 20 16 187 14 2407 540 777 42 123 218 6 1088 521 2564 849 1 20
581 380 4703 179 939 680 270 2484 81 1761 1761 871 20 653 860 36 766 103 169 1611 29 1278 660 48 280 317 1219 152
104 113 6 356 943 462 1110 183 16 3390 1268 57 272 492 101 2003 20 986 134 196 390 507 1129 203 356 435 106 429
113 148 1629 508 1281 658 574 66 141 109 91 1070 28 93 548 376 110 150 43 961 86 41 310 336 707 32 47 1329
2 51 1048 1 933 2162 207 377 363 37 586 2 270 98 11 594 2 1639 262 553 1410 467 150 24 886 97 99 211
10 120 461 1351 8 3 452 10 23 1085 24 1077 889 159 41 2186 559 1 778 104 415 493 44 37 38 338 1 395
1239 36 164 543 1752 1336 24 160 307 354 99 15 229 884 113 126 469 210 444 216 8 168 219 343 427 1210 109 17
1660 281 244 12 457 571 326 1139 197 0 546 41 20 1645 3922 85 204 5 208 2309 390 8 3 367 169 584 538 1106
535 401 642 2359 855 108 464 41 280 49 548 43 11 158 68 19 897 1664 109 7 39 1509 307 438 35 2 852 313
1161 1725 217 424 718 992 201 171 41 2 99 822 15 34 223 18 460 130 2 62 68 29 59 188 897 844 1 0
698 205 367 356 25 0 311 317 1702 346 505 67 161 1988 825 834 205 441 412 1 124 302 217 1424 691 1142 18 7
89 126 1930 332 9 703 39 679 235 6 295 263 323 58 1530 1 35 400 3 370 2114 1012 1152 21 1028 331 367 655
326 533 4 950 226 491 312 1 74 9 271 26 197 8 108 757 15 44 637 1462 149 812 1076 97 113 661 4 383
2 51 49 63 173 2240 319 1696 731 18 524 736 156 550 65 116 331 53 611 5 75 320 2 60 481 356 352 99
259 764 995 556 95 20 150 459 401 96 225 672 284 793 66 411 743 473 741 28 92 96 276 72 1412 13 337 965
373 35 187 525 58 81 151 263 2009 371 216 1353 505 334 41 84 251 342 493 493 7 282 18 18 346 514 16 1029
39 58 620 332 770 37 2828 1204 240 180 967 180 278 846 0 834 1655 463 1230 25 626 996 374 435 6 1972 409 62
1034 35 44 325 1219 2155 445 44 46 113 781 810 124 276 874 1170 2870 66 312 36 90 201 467 785 373 1145 194 97
52 14 313 36 753 175 206 482 262 601 3 169 1089 896 267 548 209 13 83 2 99 268 453 314 466 919 463 201
146 155 13 1 98 235 36 68 19 148 1351 687 8 193 22 415 4 1268 0 282 188 369 157 55 3 1295 9 45
254 10 544 2288 37 21 264 27 27 424 176 72 22 28 105 119 709 38 175 1140 398 250 227 223 223 1 44 418
87 67 822 594 1574 468 239 1414 1426 228 13 155 311 35 35 18 28 1367 240 32 15 1 848 64 408 19 251 642
557 249 965 393 536 204 2002 8 49 547 1605 311 672 65 69 1625 1575 587 1996 384 2 276 1322 340 79 9 517 340
3 184 3 1157 3 1089 86 979 213 319 387 1315 28 5 120 1005 1835 81 694 2246 95 1294 78 3 147 1553 2902 30
1222 603 3 588 136 97 5 12 196 1374 159 1575 438 200 3 184 38 962 256 1718 108 40 188 289 3 28 105 158
945 134 1108 12 154 1219 1059 281 307 127 1 96 0 1546 323 226 268 64 162 450 2484 537 76 1032 229 827 516 20
256 22 148 17 1106 246 394 232 1385 8 44 350 416 462 746 274 145 376 706 575 890 988 700 327 78 26 220 24
1199 321 427 242 1000 1 3 20 282 24 15 1 254 23 2271 49 352 149 21 48 360 147 1464 522 522 4 251 385
1141 21 331 367 169 1475 491 286 13 980 233 584 855 16 63 221 255 1512 416 29 1510 1063 22 303 493 493 491 233
131 411 699 966 897 1664 49 63 1426 1224 589 677 121 308 1 1050 2 807 36 1808 0 554 1178 783 3 205 6 9
453 38 285 56 80 261 112 375 119 438 578 9 3202 137 37 30 655 136 158 11 481 0 37 91 45 50 724 81
3752 13 135 467 735 16 162 70 108 609 1 497 348 331 113 578 452 109 367 375 90 125 190 750 285 782 10 543
1137 271 878 557 76 149 1 139 413 418 12 281 1088 86 29 41 3 93 11 130 80 578 63 1125 22 2368 10 530
1374 1 1178 1592 868 1221 2711 775 155 1 1891 53 591 162 134 199 1753 162 44 46 132 14 95 653 186 55 569 57
2 1639 924 1476 230 786 245 884 36 11 45 2 46 514 4 455 110 106 70 1 1503 1576 240 89 1845 422 35 55
168 404 153 13 52 59 1340 490 1318 0 110 1036 784 168 2039 457 79 331 367 367 169 593 2652 20 293 128 141 22
967 123 272 70 97 113 13 718 134 48 316 502 12 74 568 218 2 11 3 97 146 9 221 137 21 233 246 337
662 119 88 217 580 299 1494 643 26 56 57 5 361 1008 1023 181 262 3 489 382 219 48 563 611 1038 356 452 235
272 22 1242 1242 906 376 6 11 139 1065 43 708 377 25 2115 117 2039 156 16 7 546 90 171 8 130 49 254 66
2 821 4 1 848 1236 168 382 99 655 10 202 817 70 399 1758 104 391 706 299 138 900 464 84 100 289 134 169
95 218 49 273 456 98 2030 199 1639 3271 2601 129 898 610 116 313 1466 5 276 225 449 305 11 1416 23 1367 35 126
559 1728 137 12 131 2549 8 1327 0 241 79 3 256 2 195 343 317 199 180 325 1370 0 791 317 24 352 2222 2592
10 67 246 36 1942 90 1 32 89 242 171 68 178 498 147 741 8 920 85 155 546 919 1536 889 2114 159 145 821
49 23 586 356 452 66 8 29 115 548 6 0 69 3166 882 2563 2563 1505 286 1036 9 131 75 837 32 351 618 1473
147 23 458 393 879 96 619 538 121 85 157 127 423 41 2245 343 52 1514 2713 966 2021 9 940 67 455 105 387 973
1503 1911 30 144 110 327 933 499 668 943 565 143 36 433 2 114 1370 335 627 72 608 0 135 1622 449 44 487 172
362 62 78 3 775 149 644 24 1639 997 3386 1350 333 70 746 546 413 232 598 293 87 0 839 343 120 16 993 380
2453 44 8 22 207 15 13 1754 1664 296 117 186 67 222 59 38 95 30 1244 226 64 475 70 2 655 43 22 2
2239 101 1300 386 220 1098 114 126 137 126 967 469 1963 7 375 16 705 2037 0 780 420 453 66 2070 397 70 1829 141
40 38 1126 7 43 124 587 40 3 177 85 1780 1964 139 297 153 314 625 390 194 74 2 51 343 56 359 423 648
612 22 77 6 3076 81 955 338 119 387 9 9 594 187 152 512 1787 580 16 2468 2478 66 318 177 1126 1901 22 418
421 1044 623 308 352 295 0 162 65 22 12 26 37 846 1988 1311 0 19 453 554 1 74 64 648 16 308 1129 69
645 100 1177 7 875 10 358 100 136 31 13 63 1993 909 599 102 642 295 0 579 2 402 44 1454 761 126 56 7
44 120 2213 74 716 0 100 486 33 381 295 101 29 499 1404 651 88 840 112 143 380 21 329 32 224 123 172 512
116 387 67 25 38 761 541 1718 899 318 62 333 381 9 129 56 102 95 667 32 966 80 2182 488 289 110 87 838
459 135 112 25 0 780 162 40 381 19 1152 41 1213 608 635 372 1009 2120 1845 313 236 8 167 8 16 347 1 909
326 1257 193 1496 31 1099 10 1295 479 305 1592 16 634 1410 578 54 1498 93 0 16 1911 1295 9 702 1403 34 505 1014
35 1521 1035 210 628 697 1206 24 1625 110 1 521 2564 39 475 46 0 69 50 1 80 209 176 0 368 53 36 358
0 244 1875 32 15 10 391 8 393 440 1034 37 120 314 3160 2335 643 332 586 16 1241 3 161 514 16 2214 447 273
183 482 6 607 154 626 86 34 1365 34 263 119 80 838 192 121 78 410 200 3 983 2 51 731 120 514 0 440
693 341 438 459 198 1880 179 1005 240 103 393 286 128 167 21 218 236 1338 112 113 320 211 948 333 135 12 74 53
103 59 19 516 20 369 570 160 46 10 207 42 160 20 0 533 300 44 451 295 727 14 192 171 87 41 269 915
1423 322 148 587 41 1006 960 184 199 345 63 33 43 95 369 1656 50 1804 5 131 1466 33 373 1346 129 81 2556 1578
161 1819 144 6 16 1310 992 180 3 783 384 1636 25 689 16 462 1196 71 7 2644 41 364 3 88 179 5 134 778
992 1733 190 3 1610 633 3 361 758 1093 281 578 958 787 637 1 20 2052 2698 35 38 996 15 226 16 26 442 147
2900 4 449 219 96 313 4 380 118 313 2424 122 277 1726 72 101 1225 304 176 404 196 59 193 0 268 172 119 147
524 2344 158 399 9 209 33 5 1288 23 701 242 435 401 15 27 1927 56 49 90 265 6 1309 69 321 299 815 67
0 152 1658 519 563 611 922 112 13 15 46 514 15 348 132 696 127 13 104 209 446 617 39 95 43 1045 2506 209
1990 27 610 745 313 1116 36 370 739 11 21 452 909 787 26 573 316 4 786 69 7 244 776 2276 7 262 4 853
1597 1123 1597 1123 196 503 179 77 3 11 217 55 44 233 261 44 764 27 1001 604 1623 832 380 1265 30 1168 2776 69
612 127 1146 117 1644 741 159 642 212 568 9 263 1 115 316 110 710 213 750 14 1233 124 16 2595 397 97 137 266
938 91 278 278 361 1271 321 2 117 338 304 969 84 333 1025 139 642 1054 43 225 171 719 114 96 280 374 808 72
132 696 73 238 52 46 746 49 90 173 553 675 1184 0 20 1036 528 130 2276 1108 73 143 196 760 18 2517 1012 15
86 6 124 1282 4 432 424 318 14 36 135 291 245 444 491 97 246 76 109 384 1184 275 48 141 168 1 18 20
55 80 4 130 37 372 84 44 413 20 1891 296 290 9 518 263 40 141 622 289 107 1936 728 746 147 351 502 1084
713 82 2078 1717 174 362 144 1826 495 1329 214 35 73 515 724 119 189 62 0 411 109 91 543 1752 543 90 173 185
77 38 128 263 1219 9 652 1129 124 51 18 1001 604 58 251 243 220 47 38 38 585 301 543 108 6 9 225 671
1350 103 2561 546 838 37 45 120 0 427 71 1000 153 566 222 147 406 2714 53 17 42 177 75 45 23 63 173 66
149 1 2000 218 333 530 165 909 59 1466 5 199 1783 543 840 1263 572 1302 4 77 213 1213 119 885 1365 322 1126 1126
28 1367 35 1125 1467 1216 1379 48 1512 708 225 253 343 586 384 2288 89 164 395 1012 1513 281 1153 30 144 151 59 200
2641 74 149 21 518 777 99 511 1 65 372 599 197 339 30 10 590 854 2 2 621 97 241 77 3 8 893 3
73 86 127 458 22 1588 36 572 697 341 130 258 1 95 15 48 575 291 57 1035 127 27 88 40 1 1405 247 276
48 351 844 224 249 21 36 107 1936 4 932 175 227 236 141 1110 2871 100 4 878 455 37 162 96 16 1324 356 729
200 476 50 1 1582 336 253 614 714 64 197 87 1312 83 1760 14 14 417 0 389 1272 142 39 112 455 472 352 352
910 360 112 113 2 1550 44 202 16 230 786 1331 0 268 8 221 26 53 2 1088 1088 107 1936 55 444 11 77 597
936 3 357 1416 147 771 357 1416 0 1053 3 94 165 751 12 105 193 689 802 654 1 1134 15 846 59 417 29 361
2 1353 306 2248 3 716 48 723 16 246 285 115 40 1 558 64 6 8 83 105 1514 129 898 34 1365 2 41 217
200 3 467 543 90 696 323 146 1069 60 2265 301 204 111 516 352 149 201 569 41 2052 6 1793 40 193 912 220 661
1262 859 287 1917 1178 596 273 596 500 353 47 61 20 279 102 1590 345 156 455 34 1911 30 144 1870 1347 778 19 815
1214 75 1242 1242 201 52 158 148 2703 255 972 462 4 672 1350 44 1613 23 1778 93 655 66 9 107 1936 19 2245 40
953 168 252 474 49 63 173 157 372 78 3 24 2134 891 565 64 1733 719 1726 261 112 112 422 151 817 352 254 91
867 189 596 33 256 775 12 3 430 367 169 194 35 4 103 198 2 10 8 3 182 407 1094 325 1181 1410 1108 587
1500 10 228 14 1 20 847 473 211 350 14 1777 761 436 1864 1747 60 1618 1221 4244 32 457 205 0 71 3 454 37
1453 1146 587 39 571 11 59 2 99 703 176 688 241 293 166 394 0 414 549 236 1721 1462 321 1199 190 510 182 946
822 1882 144 1658 318 232 230 786 104 1867 65 15 1 1 1354 435 128 3294 138 578 381 44 500 965 240 2 477 422
1055 144 499 343 1582 23 5 1125 247 18 32 682 795 166 958 6 534 428 95 220 140 36 43 0 1601 207 128 1667
147 165 5 56 0 248 632 116 18 208 65 152 16 208 2189 177 26 92 37 11 594 1243 480 960 1923 180 52 502
35 1125 326 217 151 817 9 700 211 8 65 110 37 1127 189 923 1249 37 126 7 43 1 18 501 1 76 554 659
1369 937 643 611 338 886 449 117 132 476 1357 5 62 57 5 1009 459 621 244 74 52 46 333 737 820 85 1023 47
1377 71 1931 343 20 1041 203 356 1814 151 229 596 1952 1282 2497 1 1303 2233 1549 48 154 888 141 486 1308 117 1605 434
697 502 17 12 7 247 55 1301 479 194 384 1156 50 11 83 1 2 468 44 696 138 26 690 1983 820 174 344 148
877 1835 159 2171 195 88 1497 47 318 6 437 1278 641 163 484 110 248 483 1001 1137 480 6 40 3 2146 410 858 966
6 280 10 202 127 44 123 453 180 663 216 243 1000 209 52 1902 341 130 2683 519 10 389 162 79 295 358 137 316
256 593 134 7 7 1303 159 621 2380 110 959 566 610 1067 593 134 207 963 844 224 1494 700 10 1416 56 627 232 3670
52 351 86 1723 2000 81 50 51 1173 2551 1927 401 0 141 532 664 0 491 596 360 130 96 1135 535 965 1129 444 56
81 335 999 3 1210 23 1663 47 275 148 1351 881 437 272 571 1833 103 44 44 58 302 14 1917 135 27 18 159 1667
23 28 4 130 34 1365 7 1656 100 434 50 328 0 19 328 624 207 15 19 1354 18 742 263 113 563 391 1472 99
1203 1930 266 952 42 388 413 109 367 1479 134 80 34 100 349 383 407 2193 148 138 249 19 191 422 1190 109 384 483
362 1115 84 29 633 1108 39 1644 121 31 248 462 35 805 442 16 24 15 933 0 1641 551 39 149 21 333 729 89
193 108 446 145 339 22 565 388 100 1127 5 471 123 113 53 36 157 81 612 1400 569 129 898 517 103 125 929 314
30 76 979 990 1479 602 82 588 3 1473 329 2128 91 841 125 597 40 12 1656 21 247 116 450 107 1155 317 679 2423
504 92 396 14 1014 9 84 148 1 719 62 3078 292 43 346 157 110 805 1806 20 139 1295 9 2 1639 1114 1175 552
738 582 510 103 152 1043 105 857 839 345 423 1178 156 70 352 247 23 1071 999 10 71 129 27 16 1668 530 422 463
72 575 192 327 604 1297 356 1775 1123 277 13 942 3310 2110 438 760 804 35 637 397 43 856 11 76 2266 501 1067 50
1238 2814 2814 255 1179 845 68 282 1688 1512 328 1718 899 535 219 94 533 346 432 1895 15 46 95 30 1099 10 1201 2233
0 15 791 326 1080 387 727 475 518 3284 20 176 36 293 1760 483 41 430 148 1351 103 13 83 202 23 429 63 1519
2923 5 2667 344 570 349 1065 138 885 3 775 22 240 80 354 78 3 44 1238 947 1253 1 2893 533 26 442 417 272
434 38 108 6 202 138 338 1733 119 609 528 609 146 307 58 549 325 1009 2 1 424 839 2 79 63 52 803 201
78 167 109 384 430 990 1597 1123 437 367 7 126 5 498 7 809 104 113 108 337 233 0 192 1354 66 23 234 148
24 593 145 21 298 743 119 851 311 1972 36 106 15 13 226 41 407 316 324 83 1623 1014 313 2 190 312 22 655
13 74 109 91 346 759 1248 321 15 1631 401 11 241 157 166 275 141 10 948 401 4 1912 1115 78 167 3 23 1367
362 309 1668 1 62 146 209 8 920 2152 336 964 16 27 78 167 110 0 354 96 43 874 1170 54 827 844 51 1458
429 2009 5 12 201 306 38 11 3 5 21 376 11 44 2870 826 935 301 2 147 139 31 295 35 167 55 26 708
59 726 1215 846 10 147 708 128 38 60 1618 559 1 290 200 2568 2106 1048 1077 501 1 933 23 1355 917 70 626 512
1600 86 0 1833 20 150 105 200 103 646 50 75 505 130 249 69 1594 958 15 46 10 154 356 4 585 16 109 7
137 67 128 1145 327 650 33 424 43 1987 786 11 45 0 389 43 427 43 476 1313 358 1084 2348 892 892 201 132 506
231 588 0 124 2293 1709 1 1054 464 0 37 387 213 74 13 150 69 852 201 13 75 141 5 468 21 119 1758 1355
246 221 45 1005 122 180 97 2617 130 307 313 153 1122 1338 297 153 190 162 154 209 61 628 1 291 70 0 834 1182
0 247 35 73 5 147 1620 301 301 207 157 308 840 1205 1445 51 84 731 52 987 375 82 241 64 52 166 86 108
796 176 973 229 722 1536 388 2064 405 107 1936 465 327 198 944 557 0 2161 823 592 161 41 984 1282 1 6 223 1270
38 175 408 130 462 999 598 237 849 1621 1509 314 206 1287 27 9 3207 57 24 9 49 862 423 701 69 12 213 67
462 423 40 99 655 136 59 530 160 757 839 308 1869 1622 1782 16 87 1 604 37 54 39 577 44 659 1220 1125 308
63 5 95 141 127 189 124 135 1190 2 99 83 187 1145 1686 241 2 732 869 63 173 811 679 2407 151 1205 135 531
1760 59 15 13 132 173 939 32 236 177 177 9 397 117 171 238 2255 1025 53 14 379 24 40 126 126 1105 186 18
0 1352 127 646 376 26 494 558 265 352 232 606 606 606 361 401 642 9 308 657 69 6 43 912 3 2 60 192
513 15 14 369 594 322 1028 0 227 158 2822 1720 94 282 1642 61 1069 382 33 91 2085 1116 149 698 178 1377 10 1029
15 66 1808 203 2812 298 1368 235 452 0 92 197 984 88 126 7 558 31 18 402 109 7 232 196 272 103 1 346
35 400 5 217 1638 50 456 232 566 912 203 2 477 191 588 3 2 1772 137 47 4 207 43 30 144 919 463 37
80 1546 41 84 237 1610 22 3202 137 596 164 432 215 1816 38 262 2563 2563 152 20 139 996 124 692 522 1623 357 177
83 62 78 883 373 987 93 1476 130 710 213 63 173 8 16 407 311 222 0 171 273 4 46 2214 1 1024 41 124
559 1 950 200 69 507 342 572 175 127 2251 1206 313 61 2392 310 97 134 86 649 44 44 149 512 1165 561 949 1119
403 177 35 73 167 23 615 264 359 969 210 12 342 61 31 303 147 1038 494 998 16 861 546 230 474 242 126 7
648 6 49 23 2570 20 168 211 81 444 25 140 56 95 80 915 656 2 409 6 2137 344 47 3 0 389 117 378
818 818 163 192 1029 50 1 1895 786 11 21 492 582 160 141 38 389 6 50 16 232 2402 627 218 106 254 843 859
219 210 914 237 75 135 567 637 113 414 475 1470 370 1052 502 22 12 1543 292 34 984 51 84 1795 28 1367 234 669
28 641 86 117 572 123 17 335 1165 591 55 2 271 769 120 1005 0 970 577 499 102 232 2069 312 284 964 756 909
87 25 1281 292 42 42 1980 986 0 76 128 73 113 133 114 148 1186 125 591 43 258 150 64 2031 159 55 841 24
939 680 207 211 825 46 617 1624 1044 727 51 67 36 2063 63 173 143 119 3293 852 20 940 1927 1475 2044 484 25 267
662 100 365 365 1358 2246 453 1718 899 2959 742 881 114 307 321 81 644 1406 178 248 1014 31 1490 80 1609 929 240 76
1661 1111 743 2452 536 1534 82 966 171 305 63 31 792 3 317 1739 139 83 325 203 201 441 387 91 3367 300 512 194
53 17 681 246 56 37 0 16 515 39 100 779 118 414 198 31 988 2257 838 29 12 393 60 5 424 2276 54 102
51 29 1473 626 209 844 224 40 110 63 173 2830 11 160 30 144 0 66 347 15 932 41 295 236 669 2 501 735
898 440 1 43 1003 180 1126 166 3324 413 306 263 27 390 126 35 228 646 327 218 743 7 278 169 528 584 43 26
396 446 1695 2208 846 59 224 256 1497 185 33 100 1351 1028 109 92 0 20 1702 1699 1382 4 29 1426 44 46 723 214
833 1153 472 44 1 62 187 122 47 23 1292 2 84 223 994 30 0 440 428 91 647 385 1 3937 329 6 912 2239
535 209 347 70 2 468 12 358 54 88 218 2376 865 28 155 25 328 770 2232 2167 746 499 830 889 159 233 0 183
35 5 84 113 82 625 26 1880 751 2 975 421 12 147 51 418 4 546 6 149 827 777 914 832 1514 1964 139 98
681 36 343 867 688 12 74 223 282 133 124 140 56 59 967 104 246 343 75 18 1 44 46 342 323 76 279 1170
169 1800 126 49 456 49 254 822 168 991 2222 111 1002 48 11 21 142 140 316 371 2418 307 354 55 840 170 1576 1288
73 5 361 1008 34 1145 434 3054 36 145 21 30 144 4 85 10 42 1 229 18 100 2573 6 513 131 494 998 76
429 2009 610 119 174 832 36 555 681 0 19 110 612 136 11 158 1372 1 2117 1970 352 740 321 96 87 40 3 514
35 1220 1125 1125 1 21 815 1036 946 44 1371 16 24 652 0 122 946 821 68 19 138 53 81 109 367 46 0 366
96 28 358 3571 338 201 1159 68 62 8 61 687 51 1228 215 3 717 1 96 304 7 36 117 534 534 31 47 386
466 1138 3 17 62 641 183 2551 11 15 10 241 3 175 247 37 1597 1123 252 503 2322 519 576 23 67 148 33 1813
474 273 596 1328 11 3 27 848 250 1372 624 823 1501 1683 949 398 558 64 486 624 3219 1022 56 9 31 96 100 844
1689 93 827 216 63 173 822 13 84 302 47 2 732 1236 745 423 821 1796 90 279 499 1718 392 1301 429 1209 71 84
206 909 1 43 93 22 24 5 2137 2137 1384 361 1008 12 74 19 228 38 188 1 111 37 430 1077 1639 485 86 566
35 1125 393 398 1902 190 435 395 11 18 353 375 952 567 135 654 191 119 7 123 397 171 416 223 6 110 20 766
52 502 590 593 469 104 1119 235 834 1407 37 62 29 221 148 652 577 22 112 120 22 0 434 889 159 1259 517 36
625 818 11 562 113 41 792 1070 433 175 844 642 229 31 3 208 53 88 1405 63 333 871 96 6 272 67 496 4
535 160 1549 94 291 29 27 831 1 655 81 77 481 340 64 100 2246 134 8 147 1655 290 158 90 1446 77 3 107
2769 1701 103 5 87 21 0 1110 1060 2214 1 848 16 137 3 4 332 339 191 43 544 310 41 86 50 243 1 112
138 71 57 180 310 334 352 100 806 204 341 713 21 112 238 43 1249 183 286 92 44 327 0 1833 1 834 1182 237
305 334 451 406 257 2276 145 217 1066 314 345 298 270 17 1578 36 375 155 352 17 28 281 379 49 426 49 52 2333
52 1040 460 1258 26 1032 675 1870 189 773 178 1135 21 307 1170 154 1934 3 96 58 693 11 352 73 313 51 84 140
818 818 142 657 8 52 418 390 167 793 454 16 126 7 195 221 82 522 184 731 44 808 133 365 365 334 125 198
48 133 30 4 1277 835 336 467 213 685 43 365 365 775 20 528 388 191 18 110 292 26 622 1551 114 88 82 306
764 38 244 12 21 54 716 1761 181 838 41 216 43 92 696 174 1363 938 1151 473 125 136 340 34 544 163 310 957
10 145 292 6 256 177 1517 78 3 1210 411 622 114 33 0 839 53 17 323 291 1729 102 617 865 422 276 39 141
5 2975 11 273 313 104 216 243 357 0 37 254 11 50 115 15 0 19 11 594 97 1306 206 221 47 147 596 184
270 3 529 209 41 141 208 581 119 2146 410 1009 189 1416 702 310 317 1 119 81 217 2439 350 307 4 226 81 2
1111 92 10 268 121 31 1210 96 653 280 1 1374 459 146 406 246 1549 16 813 92 1453 108 464 16 496 929 864 433
1483 1870 2297 121 1124 50 1 0 808 401 269 458 0 622 163 1170 52 1630 3926 5 59 9 110 557 46 152 150 70
1594 989 864 646 100 20 29 44 546 1293 583 211 158 83 199 102 177 3 817 511 362 64 33 879 51 0 4 652
559 1 0 371 111 582 1134 438 41 1833 20 257 386 500 0 37 127 44 69 2 3288 97 113 88 92 140 175 755
559 330 1488 33 264 21 508 47 3 446 379 379 17 1540 50 1 237 18 518 1 838 67 33 0 714 5 50 146
824 118 1911 887 64 1186 1110 15 188 2 2372 44 1079 555 1134 1131 665 665 1087 1231 9 525 1230 466 248 1969 49 1025
736 555 4 1911 653 612 72 627 377 96 87 714 844 224 108 6 52 173 1359 35 313 451 43 57 163 1303 101 2003
149 761 5 360 2570 20 476 112 480 66 218 1182 118 636 41 324 472 159 3 256 58 72 55 7 3 2039 102 115
1987 104 668 234 361 1008 272 1185 1191 58 33 24 6 189 1399 36 107 1462 442 207 655 56 1130 330 33 1105 764 639
1824 472 91 1303 247 986 895 167 193 10 250 250 1486 96 135 77 246 714 148 708 328 1157 518 329 457 47 42 0
967 129 265 12 233 100 1359 349 69 463 921 1295 9 1043 1043 86 0 19 145 1793 10 120 11 21 693 264 130 318
1309 575 442 237 689 1462 113 531 50 381 81 129 680 680 5 89 90 173 16 142 13 2 51 84 640 92 266 1787
678 1479 514 211 29 186 473 80 808 151 263 63 173 28 250 2 1941 1567 0 389 290 13 2191 1177 30 86 38 119
164 109 57 11 294 326 197 888 185 421 139 460 196 417 1 42 20 1329 954 48 687 220 8 83 1000 526 1067 352
755 508 365 365 402 138 1 623 1572 433 241 505 844 51 58 170 723 469 562 52 638 50 261 112 27 342 466 133
967 341 1 393 520 454 701 143 142 110 533 51 399 88 75 1356 78 3 193 80 830 51 404 561 975 55 63 164
60 59 7 92 0 326 283 1146 112 44 46 209 264 51 687 843 3 28 1367 519 5 45 686 30 144 1 0 162
967 145 437 1170 456 2 473 21 668 200 1936 151 157 236 1338 932 0 138 507 11 110 20 135 819 834 1127 0 58
517 2795 122 45 23 987 412 1573 59 293 66 1064 652 9 11 594 451 9 126 7 697 330 1163 967 374 34 198 0
558 1 31 318 26 1052 1052 812 2178 352 12 326 851 676 447 673 20 1229 35 400 489 40 157 958 601 294 9 3411
511 570 1 74 52 46 304 195 43 201 1239 362 453 394 178 31 438 355 96 945 88 641 239 24 702 319 43 167
304 373 131 1952 61 105 844 574 688 122 45 31 2022 313 510 2251 143 409 41 2031 2002 6 38 2 978 360 776 221
134 393 45 3 28 69 805 1033 366 2594 13 383 254 11 211 432 334 413 0 736 92 475 1668 201 1534 22 163 1
408 778 2 502 861 4 453 201 1009 2506 308 819 62 775 360 1405 1034 213 429 63 61 2468 23 43 6 1972 409 3464
1257 74 53 611 113 931 628 330 5 95 554 587 127 10 23 741 8 89 88 565 3 630 18 760 39 24 40 26
516 718 1272 203 127 10 447 459 1055 68 263 1055 410 44 150 9 259 117 1958 943 371 743 668 637 717 120 65 771
424 7 9 587 106 3 243 382 585 122 74 270 32 53 384 587 787 1733 44 9 399 1758 105 3 653 377 203 389
31 552 352 73 189 1399 467 507 100 492 301 11 594 7 21 53 17 634 40 243 46 51 200 3 22 631 631 1403
1129 268 326 201 13 178 451 9 643 117 413 141 50 359 123 969 47 44 1751 186 1362 109 28 38 476 142 63 164
23 209 507 831 0 780 546 328 72 189 1399 211 263 1614 91 99 1287 485 37 210 11 581 119 581 64 1126 561 975
10 263 210 650 2700 237 456 880 1416 2 812 119 176 235 44 46 230 786 1303 88 122 2091 957 683 816 731 3 61
2 1783 1763 217 4104 189 158 932 171 273 84 149 21 128 19 55 23 1772 11 594 194 74 0 741 117 1 871 85
93 341 78 3 935 345 831 224 113 305 194 738 907 78 167 753 145 153 78 3 1707 765 547 356 276 1002 116 963
535 401 1058 618 44 112 10 452 708 97 134 500 104 98 358 44 10 1293 8 3 100 911 54 24 15 352 970 0
96 170 1389 55 75 158 768 100 194 3 0 322 88 273 159 1070 36 642 295 1526 955 30 144 2795 231 3 3 28
500 384 1184 56 174 131 84 174 24 239 23 881 543 473 384 136 682 283 490 1115 1512 103 490 451 9 2088 6 38
202 209 86 263 21 611 72 0 19 216 64 435 117 2 51 25 238 140 340 21 21 1108 12 52 46 738 44 291
225 1 0 371 1218 11 946 294 117 1105 517 777 3 2245 2 1125 422 686 540 777 0 268 970 328 397 8 293 184
223 1 188 276 60 610 393 2 1292 1215 121 3045 0 546 31 2257 51 716 51 136 376 45 161 49 241 148 216 346
1099 336 151 178 717 18 337 689 16 779 7 41 834 388 170 51 364 3 272 196 70 1 43 480 5 1274 315 63
11 122 2857 2836 9 712 617 65 27 34 839 720 50 0 95 386 253 10 874 222 244 893 192 336 23 507 373 63
662 803 1049 21 935 278 270 1468 59 30 144 622 140 348 134 329 1229 622 885 13 143 1097 28 97 860 49 880 1
103 1833 48 977 23 1207 290 1633 333 276 435 138 56 1233 204 12 96 157 511 846 178 526 1137 492 299 84 716 223
81 152 49 39 276 871 36 152 81 324 957 1518 3 948 49 23 32 3 492 463 599 102 16 42 263 152 20 2713
1276 271 88 208 24 585 334 68 827 103 454 163 75 310 1070 217 104 986 753 31 336 1038 1458 2 11 3 47 586
967 136 48 14 247 18 822 132 221 13 295 1836 77 1021 465 781 598 344 700 1155 632 96 1618 40 150 94 207 108
1410 380 116 2387 83 1 69 177 395 165 397 1447 203 36 64 141 35 44 0 2052 207 142 8 35 23 2226 376 25
163 6 440 5 765 160 145 21 205 227 340 34 263 209 291 1 3 430 10 681 126 1522 76 248 1221 40 496 773
22 130 132 719 2105 3035 261 3645 99 1794 1612 31 29 871 0 106 253 2180 435 108 213 209 233 605 1359 253 64 1164
497 8 63 22 959 168 203 124 500 50 1 44 217 46 24 15 333 139 2694 248 1510 156 1326 461 18 623 1611 88
777 1958 108 6 456 20 348 91 724 252 70 333 0 440 3049 47 107 1936 1145 196 1105 899 498 702 64 166 958 81
5 73 213 341 24 1351 74 34 263 110 1038 249 211 138 5 196 1035 1113 8 22 120 50 43 314 5 923 2524 1
559 363 30 697 196 2086 244 52 987 587 264 0 24 1317 681 36 638 1000 681 69 1 0 440 85 795 274 148 1196
322 46 365 365 0 1760 914 2189 2139 677 12 1114 112 192 94 739 2967 1033 328 79 463 2007 40 44 2204 586 740 1
681 916 1910 13 147 76 1120 858 139 574 345 1130 1 838 2 402 672 14 1259 0 19 1084 480 422 30 671 136 25
1273 1566 72 2110 4 1912 391 126 7 42 1004 746 15 1 149 21 598 1090 124 527 374 0 31 245 218 861 44 122
833 2990 2255 266 352 59 30 144 285 686 914 1022 29 425 67 1920 466 1296 1 74 236 1352 85 258 243 278 139 87
877 24 30 574 8 131 111 72 221 173 254 150 242 1691 71 1998 732 155 72 72 38 313 507 910 77 73 38 448
173 253 253 2180 67 1208 593 134 99 105 138 128 70 81 3539 823 509 83 95 90 14 83 53 407 237 9 500 129
698 400 3 669 2093 503 1797 2 502 520 754 12 2 99 373 21 803 883 38 185 164 56 786 1488 104 1624 207 9
404 336 281 3561 17 681 0 192 586 163 310 2 99 158 903 941 94 282 2118 398 41 4 46 102 510 60 176 436
590 2369 1126 177 97 36 2219 1225 304 158 1783 132 1120 50 104 648 858 3 502 771 603 777 350 1018 649 26 110 452
133 596 301 11 149 21 25 616 763 1333 13 78 1059 8 6 657 62 223 40 304 163 657 2 697 63 0 402 1695
362 16 377 10 2 502 2652 73 526 20 178 12 10 533 223 227 490 653 1385 194 82 606 606 606 606 606 606 606
691 1206 792 92 21 146 36 53 370 338 263 19 330 38 530 50 89 27 272 343 41 80 181 435 46 1043 1043 510
126 58 75 550 3683 596 166 949 101 40 31 1132 327 276 273 332 28 38 316 151 56 153 54 687 35 48 409 405
449 84 147 749 708 1369 72 43 6 514 0 1819 1522 56 810 139 40 571 171 5 10 996 384 493 139 41 741 955
235 36 147 1278 738 1126 3 1166 441 25 159 1145 1801 593 25 6 7 1785 376 78 137 134 266 818 818 20 670 63
548 50 401 318 5 89 103 95 324 672 8 42 220 3 81 96 152 425 55 23 58 2 1639 235 271 1320 7 1282
45 8 72 893 26 827 475 228 63 20 369 781 878 46 225 64 73 3 90 2497 811 1668 1382 5 120 45 15 1
2 1037 273 36 88 194 89 2 1206 32 84 53 205 839 1341 607 1506 96 896 0 279 53 13 495 512 221 978 102
137 967 194 17 938 1204 584 355 343 3712 51 8 84 5 131 358 957 41 648 57 3 119 4249 4249 558 1113 208 2
1137 263 1 74 153 310 376 4 950 40 16 286 844 154 0 19 1354 27 505 120 24 1509 833 942 1418 774 41 53
1052 4596 515 164 84 48 830 682 1374 569 614 753 555 1134 210 861 4 61 1160 622 242 127 443 21 324 95 30 15
2525 1895 355 161 697 62 36 1656 36 102 38 1041 347 292 398 1160 330 359 381 668 394 571 969 11 393 1757 1272 26
52 164 91 701 1875 776 869 722 123 108 6 107 248 1 692 463 76 5 2276 1255 335 317 141 539 14 1093 20 387
949 602 196 138 528 1046 84 782 156 800 124 235 143 378 81 182 33 91 1570 455 57 163 89 27 1499 195 9 717
2 635 124 443 902 217 706 356 2506 2047 295 1135 56 43 352 247 23 43 200 3 93 770 58 874 1170 182 375 395
231 6 57 3526 430 467 213 42 14 11 867 960 1547 536 241 616 78 3 96 241 831 142 137 21 500 266 84 83
1206 182 1777 607 889 2424 778 148 259 658 113 544 70 161 1165 20 1369 937 635 104 2926 123 908 658 117 423 701 41
640 668 88 826 297 163 147 893 456 134 56 156 1684 6 97 657 95 2 115 114 1512 369 182 112 192 53 53 918
291 223 291 109 1119 669 394 271 714 119 7 48 351 126 33 565 0 2453 95 9 167 120 246 124 489 1012 638 687
2453 54 92 161 344 58 222 2032 1843 17 17 58 147 796 96 624 35 55 1024 305 98 188 1 465 823 353 193 143
17 217 63 373 148 1186 11 259 23 1431 683 1403 200 738 592 340 1404 405 16 983 1 3 1236 171 174 30 144 398
1287 47 11 199 6 32 275 0 389 1681 119 514 69 22 112 74 221 1467 708 8 50 510 182 506 6 15 27 2245
612 122 14 285 109 3728 7 258 148 2610 221 954 284 114 775 523 854 1201 2293 83 415 617 161 50 302 41 71 1338
681 972 1064 652 326 326 61 241 3 184 398 1530 1 344 2 334 249 248 8 12 146 151 489 8 356 229 41 25
48 244 238 54 89 1350 589 348 641 2 89 49 210 125 1349 587 804 815 659 449 59 413 1910 254 149 996 420 521
396 130 1981 1243 1179 1902 483 1001 435 276 435 137 73 228 149 89 19 196 200 3 55 1425 9 551 600 510 433 492
2040 149 2341 2393 2 1475 844 14 398 700 26 14 14 9 394 321 156 141 7 71 148 1351 123 1082 530 8 22 23
1562 1890 108 6 9 523 3 96 934 1037 519 435 34 69 672 14 1595 330 3 89 97 1084 423 85 10 80 546 15
1480 370 1052 949 85 200 1048 101 437 561 975 304 584 538 15 27 203 356 110 1050 175 597 1180 778 597 2105 35 61
2205 62 617 39 191 21 447 699 1083 36 576 105 79 73 399 3 97 455 36 0 1246 96 49 13 505 1833 34 198
272 432 246 54 1824 550 161 152 150 50 225 286 1291 2075 51 1458 91 701 472 878 362 237 789 925 174 210 12 107
398 0 322 55 106 10 377 8 42 145 92 68 389 279 56 36 53 25 35 112 680 313 1112 592 632 2 61 1410
134 2144 17 130 456 2 25 1020 1 110 248 589 1163 1510 40 120 34 472 91 1197 963 48 269 1486 1287 346 96 16
1548 1548 6 638 1507 1301 753 917 942 385 1 0 354 9 112 556 869 116 110 0 1824 8 50 17 130 802 654 65
231 826 922 36 145 1070 1242 42 24 122 714 169 542 589 2175 1028 109 367 203 873 1512 2 35 92 702 441 850 680
52 46 365 365 354 21 246 0 19 1779 1115 429 960 1988 228 22 1575 438 107 1912 485 911 363 91 1739 1 15 202
764 795 16 1497 1311 63 109 271 630 1239 551 212 108 848 609 30 1 38 202 146 32 120 26 41 589 778 112 299
786 1125 188 93 657 237 158 1093 422 30 1018 16 228 11 927 517 400 1176 196 2105 921 130 223 321 334 23 239 1012
600 949 2870 182 20 280 160 834 1182 2462 1558 15 124 1806 94 622 297 481 255 2039 2641 40 373 1197 649 304 584 538
136 945 426 78 909 106 126 42 166 7 59 715 36 497 186 0 127 70 577 436 311 3293 260 352 10 947 549 236
